58198.4341551,19.0309563,0.0510452799
58198.4527315,19.0394611,0.0513704084
58198.4536921,19.0269203,0.0508918241
58198.4679977,19.1329823,0.0550994314
58198.4904977,19.1277943,0.0548850149
58198.4914468,18.9979362,0.0498045571
58198.5117593,19.1073704,0.0540496185
58216.3620139,19.0380058,0.0513146073
58216.3716088,19.018404,0.0505696498
58216.3769329,19.0628757,0.0522773117
58216.3999074,19.1529961,0.0559351668
58216.4109375,19.1612854,0.0562852733
58217.3857407,19.1007233,0.0537807271
58217.4071991,19.0789337,0.0529095046
58217.4195255,18.966032,0.0486376844
58217.4433681,19.1294937,0.0549551733
58217.4779977,19.0282116,0.0509408675
58217.4804398,19.1040115,0.0539135933
58218.3870949,19.0543633,0.0519456081
58218.4143981,19.0937519,0.053500291
58218.43375,19.0747757,0.0527450144
58218.4546759,19.0622253,0.0522519089
58218.4759838,19.1486855,0.0557540208
58218.4803704,19.0738811,0.0527096726
58218.5018171,19.0389633,0.0513513051
58219.3903588,19.098978,0.053710375
58219.408912,19.029705,0.0509976707
58219.431875,19.1293468,0.0549490638
58219.4523032,18.9423141,0.0477901325
58219.4532755,19.0621853,0.0522503257
58219.460787,19.1405659,0.0554145314
58219.4617014,19.0891724,0.0533169657
58219.4990162,18.9926834,0.0496103168
58222.3783681,19.0773315,0.0528460555
58222.401875,19.0148315,0.0504351668
58222.4240856,18.9528217,0.0481635258
58222.4250694,19.0149078,0.0504380316
58222.4416782,19.0598545,0.0521593206
58222.4435648,18.9850559,0.0493297204
58222.4778704,19.0507164,0.0518041514
58222.4831134,18.9407234,0.0477339029
58222.5043171,19.0894432,0.0533277802
58224.4330093,18.9625797,0.0485132672
58224.4396065,19.1769295,0.0569525436
58226.3610185,19.036869,0.0512710549
58226.4092014,19.0024872,0.0499735624
58226.4269213,19.0120392,0.050330352
58226.4501042,19.0054016,0.0500821285
58226.4510185,19.0135803,0.0503881425
58226.4640856,19.0894146,0.0533266328
58226.4968056,19.0605507,0.0521864854
58226.4977662,19.049881,0.0517718568
58227.4003241,19.0343018,0.0511729158
58229.4045139,19.0099945,0.0502537042
58229.4278356,19.0171375,0.0505219027
58229.4302083,19.0654926,0.0523798019
58229.4495486,18.9683208,0.0487203673
58230.4298727,19.0007172,0.0499077588
58230.443206,18.9875546,0.0494214296
58230.4629861,19.1064548,0.054012496
58231.2951968,18.9988976,0.0498402268
58231.3607407,19.0164108,0.0504945703
58232.3863194,19.0051575,0.0500730164
58232.4076852,19.0376968,0.0513027795
58232.4281713,19.0197868,0.0506218076
58243.3194907,19.1104736,0.0541756414
58244.3282755,19.0231133,0.0507475026
58244.3498264,19.134016,0.0551422611
58244.3628819,19.2253475,0.059071742
58246.3894907,19.0452843,0.0515943356
58246.4051042,19.0593262,0.0521387234
58246.4224769,19.1583252,0.0561599769
58247.4213773,19.0227966,0.0507355481
58247.4431829,19.0278854,0.0509284548
58252.3880208,19.094799,0.0535423346
58252.4004398,19.1046543,0.0539395884
58255.2777083,19.1567574,0.0560937375
58255.2973611,19.0619736,0.0522420779
58255.3108796,18.9839325,0.0492885634
58255.3200116,19.0225658,0.0507268012
58256.4436574,19.0709534,0.0525942668
58257.2973148,19.0970554,0.0536329709
58257.3193634,19.1096592,0.0541425459
58257.3490625,19.0517807,0.0518453903
58257.3709838,19.0617847,0.052234672
58257.3843866,19.0097485,0.0502445102
58257.4027431,18.9958248,0.0497263782
58258.3865509,19.1802998,0.0570973903
58258.4090162,19.0304489,0.0510259829
58258.4099537,19.1153107,0.0543727502
58258.4233796,19.0465069,0.0516414568
58262.3301968,19.1572475,0.0561144315
58262.3462616,19.0120544,0.0503308885
58262.3596412,19.1889114,0.0574693047
58263.3672685,19.1085072,0.0540957712
58263.3916204,18.9577141,0.0483385101
58263.4047917,19.039011,0.0513531305
58266.2930787,19.0486946,0.0517259389
58266.3309606,19.0033894,0.0500071533
58266.3319329,19.0533733,0.0519071482
58266.3438773,18.9474869,0.047973536
58267.3607407,18.5055847,0.0348898731
58268.3770833,19.0502262,0.0517851859
58268.4058102,19.0233002,0.0507545881
58268.4339583,19.0979424,0.0536686592
58269.3626273,19.0780144,0.0528730936
58269.3635764,19.016964,0.0505153909
58270.333588,18.9542122,0.04821321
58270.3483565,18.9645271,0.0485834256
58270.3555556,19.1041069,0.053917449
58271.3908912,19.0652122,0.052368775
58272.2767245,19.1361198,0.0552295558
58272.3075,19.0983543,0.0536852628
58272.3084375,19.0486717,0.0517250635
58272.3256713,19.1212578,0.0546161495
58273.3241204,19.0666199,0.0524239726
58273.3476736,19.0642529,0.0523312353
58273.3696528,19.1321335,0.0550642982
58274.3021875,19.0401592,0.0513971746
58274.3238194,18.9937935,0.0496512875
58274.3459144,19.0595722,0.0521482974
58276.2916782,19.0763855,0.0528086126
58276.308206,19.0548897,0.0519660264
58276.3238542,19.0500374,0.0517778955
58277.2878241,19.0268517,0.0508892052
58277.3821528,19.0080833,0.0501822233
58277.4088194,19.1019115,0.0538286977
58278.2794213,19.058136,0.0520923063
58278.3040278,19.0671921,0.052446425
58278.3049306,19.0197716,0.0506212227
58278.3252662,19.1300659,0.054978814
58279.2697222,19.0295315,0.0509910472
58279.2825463,19.042944,0.0515041798
58279.3876042,19.0224342,0.0507218353
58280.3061458,19.0287914,0.0509628952
58280.3234606,19.0291023,0.0509747267
58280.3402778,19.0590248,0.0521269664
58281.2164005,19.0322189,0.0510934368
58281.3271759,18.9919739,0.049584154
58281.3469444,19.011261,0.0503011718
58281.3478935,19.052681,0.0518802814
58282.3216435,19.0485077,0.0517187528
58282.3419444,19.009903,0.0502503105
58283.3267245,19.0276794,0.050920669
58283.3455093,19.0241547,0.0507869534
58283.3683333,18.9753227,0.0489743054
58284.2792014,19.0101357,0.0502590165
58284.3008218,19.0254898,0.0508375503
58284.3017361,19.0882053,0.0532782935
58284.3171991,19.0432053,0.0515142679
58285.3073843,19.0095177,0.0502358563
58285.3239352,19.0556622,0.0519960411
58285.3908565,19.0433788,0.0515209213
58286.3050116,19.0379124,0.0513110459
58286.3256829,19.0626354,0.0522679426
58287.2692593,18.9901161,0.0495156609
58287.2834838,18.9894676,0.0494917892
58287.2843981,18.9995632,0.0498649031
58287.3043171,18.9934788,0.0496396646
58288.2838889,19.0257797,0.0508485399
58288.3047338,18.9860344,0.0493656173
58288.3187384,18.9927464,0.0496126488
58289.2426389,19.0141697,0.0504103042
58289.2609606,19.0467339,0.0516502485
58290.328287,19.0263691,0.050870873
58290.3447685,19.0171242,0.0505214073
58290.345706,19.083847,0.0531045757
58290.3681597,19.0750732,0.0527567342
58291.2688657,19.0097198,0.050243441
58291.2808912,18.9958191,0.0497261621
58291.3002083,19.0192871,0.0506029613
58292.2632523,18.9417744,0.0477710292
58292.2978472,19.092247,0.0534399822
58292.3183449,19.0344257,0.0511776507
58293.2566435,19.0833054,0.053083051
58293.2575579,18.9362831,0.0475772917
58293.2851273,19.008503,0.0501979142
58294.2606597,19.0209141,0.0506643429
58294.282419,19.0575352,0.0520689078
58294.3191088,18.9730778,0.0488926992
58295.2658449,19.0298805,0.051004339
58295.2819329,19.0914116,0.0534065142
58295.3083912,18.9779015,0.0490681902
58296.2835532,19.0059223,0.0501015186
58297.3037384,18.917984,0.0469380096
58297.3325463,19.1027164,0.0538612008
58297.3465394,19.0955772,0.0535735525
58298.2879514,19.0707932,0.0525879785
58298.297037,19.1262569,0.0548216291
58298.3186458,19.1249886,0.054769408
58299.3364236,18.9449558,0.0478837043
58299.3495949,19.0679665,0.0524768494
58299.3703356,18.9302559,0.0473656543
58299.3855093,18.9857845,0.0493564792
58300.3294792,18.9195042,0.0469907746
58300.3454398,19.0607872,0.0521957017
58300.3643634,19.0977402,0.0536605455
58301.1843981,19.027832,0.0509264618
58301.3393056,19.0790462,0.0529139452
58301.3649537,18.9676285,0.0486953296
58302.3051389,19.0622787,0.0522540063
58302.3272106,19.0546627,0.0519572273
58303.3064352,19.033968,0.0511601754
58303.3241551,19.0826187,0.0530557446
58303.3505787,19.0082512,0.0501885079
58304.3250463,19.0275078,0.0509141423
58304.3394097,19.0284557,0.0509501547
58305.3397338,19.0618305,0.0522364862
58305.3406713,18.9492035,0.0480345786
58305.3727662,18.9734306,0.0489055067
58306.2020023,18.9573402,0.0483251438
58306.3660185,18.9796162,0.0491307229
58307.1872222,19.0323048,0.0510967113
58307.197581,19.0095673,0.0502377301
58307.3831829,19.0038586,0.0500245914
58308.2431019,19.0242977,0.05079237
58308.2440509,18.9861565,0.0493701249
58308.3284375,18.9598312,0.0484144539
58308.341794,19.021965,0.0507040806
58311.1873958,19.0162163,0.0504872575
58311.1966898,19.0479927,0.0516988523
58311.2194329,19.066206,0.052407749
58311.22125,19.0069466,0.0501397848
58312.2070833,19.0224075,0.0507208034
58312.2237847,18.9819336,0.0492153913
58312.2403935,19.0722733,0.052646298
58316.2394213,19.0742455,0.0527240671
58319.2453356,19.0077343,0.0501691736
58319.2547917,19.098217,0.0536797419
58319.2557407,19.0220909,0.0507088564
58319.2808333,18.9928455,0.0496162996
58320.2590741,19.0746975,0.0527419038
58320.2775463,19.0271435,0.0509002917
58320.3511111,19.0140686,0.050406497
58321.2240509,19.0159512,0.0504772551
58321.2429051,19.0963573,0.0536049269
58321.2641204,19.0413151,0.0514415763
58322.2340162,18.9304771,0.0473733805
58322.2547338,19.0429554,0.051504638
58322.2556713,19.0208168,0.0506606959
58322.2888542,19.1076088,0.0540592931
58323.2439236,19.0160961,0.0504827276
58323.2534954,19.0424595,0.0514855646
58324.1870255,19.0398102,0.051383812
58324.200081,18.8190536,0.0436478779
58324.214838,18.8420143,0.0443870686
58325.2223032,18.9575596,0.0483329967
58325.2232523,18.9278011,0.0472797714
58325.238287,18.9113216,0.0467077345
58325.2642477,18.9863853,0.0493785292
58326.2876389,18.9819908,0.0492174849
58326.2946644,18.9660034,0.0486366563
58326.3316782,19.0624619,0.0522611365
58327.2894444,19.0713959,0.0526117235
58327.3023032,19.0916634,0.0534165837
58327.3314236,18.9693909,0.0487590954
58328.2993287,19.0175514,0.0505375266
58328.3186458,19.29356,0.0621999577
58329.3125116,19.0455837,0.0516058728
58329.3268403,19.0857983,0.0531822816
58330.3044792,18.9226341,0.0470995381
58330.3168056,19.1023788,0.05384757
58330.3387269,19.0009174,0.0499151945
58331.1794792,18.9818287,0.049211558
58331.1952894,18.9836178,0.0492770374
58331.1962384,18.9769096,0.0490320586
58331.2144097,19.0511913,0.0518225729
58332.2802546,19.0090351,0.0502178408
58332.2992593,18.8811398,0.0456803925
58334.1645833,18.9742851,0.0489365608
58337.1935417,18.9586754,0.0483729988
58340.1828819,19.0703678,0.0525712259
58343.1600231,19.0161629,0.0504852422
58346.1797106,19.0070114,0.0501421839
58349.2346759,18.9762402,0.0490076579
58349.2355903,19.0535297,0.0519132055
58349.2568287,19.045433,0.0516000353
58349.2755787,19.0003605,0.0498945154
58350.1545486,18.9863186,0.049376078
58350.1823727,19.0594177,0.0521423034
58350.20625,18.9665298,0.0486556701
58351.1620255,19.071434,0.0526132323
58351.1765046,19.0126858,0.0503545851
58351.1906134,19.0299873,0.0510084219
58352.2138194,18.9775162,0.049054157
58352.2443287,19.0879555,0.0532683469
58352.256169,19.013916,0.0504007675
58353.1612037,19.0306187,0.0510324314
58353.1802778,19.0043583,0.0500432029
58353.1953935,19.0461102,0.0516261421
58353.2450926,19.0937767,0.0535012931
58353.2553472,19.0054245,0.0500829741
58353.2979167,19.0180569,0.0505565703
58354.1863079,19.0731621,0.0526813045
58354.193287,18.9868717,0.0493963882
58354.226169,18.9908829,0.0495438948
58354.2472801,19.0867767,0.053221304
58355.2490972,19.0440655,0.0515473597
58355.2543056,19.0515747,0.0518373959
58356.2153356,18.9216881,0.0470666513
58356.2238426,19.041481,0.0514479466
58356.246169,18.9953346,0.0497082584
58356.2554514,19.0338993,0.0511575304
58357.183044,18.9546928,0.0482303798
58357.2426157,18.9187546,0.0469647571
58358.2016551,18.8525143,0.044729948
58358.2249884,19.1115608,0.0542198718
58358.2416435,18.9796848,0.0491332449
58359.2142477,19.1040764,0.0539161973
58359.2184954,19.029686,0.0509969443
58359.2683565,19.1621933,0.0563237853
58360.2256713,19.0010071,0.0499185137
58360.2468287,19.04842,0.0517153405
58360.2647917,19.0751839,0.0527611114
58361.1461921,19.0095139,0.0502357259
58361.2454745,18.9964886,0.0497509539
58361.2889005,18.9402771,0.0477181114
58362.1376042,19.0201645,0.0506360717
58362.1563194,19.0328484,0.0511174463
58362.1572569,18.976841,0.0490295328
58362.1739931,19.0018139,0.0499485172
58363.2188194,18.9801884,0.0491516106
58363.2390046,18.9734116,0.0489048176
58363.2567477,19.0555649,0.0519922972
58364.1421065,18.9681625,0.0487146303
58364.158044,18.9979935,0.0498066768
58364.1741319,19.0697861,0.0525483415
58365.1352894,19.0440826,0.0515480377
58365.1579051,18.9936562,0.0496462286
58365.1588194,18.9583759,0.0483622663
58365.1777431,19.0096512,0.0502408557
58367.1494676,19.0604248,0.0521815568
58367.1762963,19.0338268,0.0511547513
58367.20625,18.9348888,0.0475282185
58368.1362269,19.0526981,0.0518809706
58368.1512037,19.0414333,0.05144611
58368.161956,19.002058,0.0499575995
58368.1751157,19.0074711,0.0501593761
58369.1411227,19.0539665,0.0519301891
58369.1491551,18.987648,0.0494248979
58369.1759606,19.0686264,0.0525027402
58370.1408449,19.0606499,0.0521903522
58370.1634954,18.9778099,0.0490648448
58370.2612616,18.933218,0.0474695377
58371.1369444,18.9928532,0.0496165603
58371.1378819,19.0850983,0.0531544052
58371.1514005,19.0734558,0.0526929237
58371.1838426,19.0280762,0.0509357043
58372.1396528,19.0163383,0.0504918359
58372.1586574,19.0887032,0.053298194
58372.1861574,19.0892811,0.0533212982
58373.1276389,19.0487022,0.051726263
58373.1627662,19.0189915,0.0505918078
58373.1850926,19.0604019,0.0521806739
58374.1316667,19.0493279,0.0517504625
58374.1429167,18.9915237,0.0495675355
58374.1495486,19.033371,0.0511373691
58374.1845949,19.001627,0.0499415509
58375.1206713,19.0322971,0.0510963947
58375.175787,19.0464954,0.0516410433
58376.1200231,19.0165806,0.0505009443
58376.1626389,19.1192818,0.0545351282
58376.1739005,19.1006508,0.0537777953
58377.1301852,19.0307846,0.0510387421
58377.1513542,19.0358238,0.0512311012
58377.1639699,19.0888252,0.0533030555
58377.1761921,19.0094299,0.0502326004
58378.116412,18.9635277,0.0485473871
58378.1437384,19.0289764,0.050969962
58378.2158333,19.0791321,0.0529173501
58379.2176273,18.989666,0.0494991168
58379.2410069,19.121479,0.0546251982
58379.2578009,19.0435772,0.0515285842
58381.1238773,19.1297817,0.0549670383
58381.1289236,19.0377693,0.0513055734
58381.1590394,19.0404415,0.0514080189
58383.1141898,19.1971893,0.0578292571
58383.1342245,19.0246067,0.0508040674
58383.1555324,18.9507732,0.0480904877
58384.1451042,19.0749931,0.0527535789
58384.1525463,19.1076164,0.0540596247
58384.1741319,19.0782814,0.0528836735
58385.1844676,19.1081772,0.0540823676
58385.191956,19.0455647,0.0516051352
58385.2117708,19.1274357,0.054870218
58386.1994676,19.1034622,0.0538913682
58386.2013079,19.0147018,0.050430283
58386.2158333,19.1906929,0.0575465448
58386.2378009,18.9527493,0.0481609739
58387.1227546,19.1494179,0.0557847358
58387.139919,19.1051064,0.0539578758
58387.1541782,19.1495132,0.0557887405
58388.1834259,19.1643829,0.0564167425
58388.1936458,19.1588726,0.0561831184
58388.2203241,19.0650883,0.0523639172
58389.1156481,19.1092968,0.0541278124
58389.1227431,19.1483116,0.055738315
58389.2166204,19.1009407,0.0537895262
58389.2476273,19.1432648,0.0555271283
58390.1797338,19.0989952,0.053711094
58390.2209144,19.1781712,0.0570058338
58390.2347338,19.3044338,0.0627144873
58400.1638079,19.0299835,0.0510082431
58400.1756713,19.2016716,0.0580251552
58400.1987384,19.1403351,0.0554048941
58476.5320833,18.9045048,0.0464733876
58481.5495602,19.0329304,0.0511205345
58508.511331,19.0282154,0.0509410016
58511.5478588,18.9925175,0.0496042036
58526.5295602,18.9948463,0.0496901833
58534.4423495,18.8563137,0.044854816
58538.4783218,18.8098564,0.0433557667
58538.499838,18.9803352,0.0491569676
58538.5064699,18.9841995,0.049298346
58538.5092593,18.8416843,0.0443763733
58540.521169,18.9400959,0.0477117151
58540.5360764,18.9620934,0.0484957695
58540.552419,18.9718056,0.0488465466
58541.5056366,18.9531612,0.0481756516
58541.5292708,18.9448414,0.04787964
58547.5139699,18.8674736,0.0452237725
58547.5291782,18.9242249,0.0471549593
58556.4312616,18.9563828,0.0482908562
58556.5115394,18.9643726,0.0485778339
58556.5124653,18.9082108,0.0466006175
58557.4143634,18.9518871,0.048130177
58557.4342593,18.8835907,0.0457628444
58557.5317361,19.0245094,0.0508003607
58558.3742014,19.130085,0.0549795926
58558.5100116,18.9332047,0.0474690385
58560.4238426,18.8791275,0.0456128269
58560.4431481,18.9266815,0.0472406223
58560.4449769,18.9415474,0.0477630198
58560.4712616,18.9394722,0.0476896986
58561.3773611,18.9060555,0.046526581
58561.4023032,18.8878384,0.0459061339
58561.4309491,18.7968159,0.0429455452
58567.5290625,18.9490147,0.0480278768
58568.4901505,18.9078674,0.0465888157
58568.5180324,18.9035797,0.0464416966
58569.3806366,18.8858452,0.0458388329
58572.4283681,18.9055901,0.0465106294
58572.449375,18.9266224,0.0472385883
58572.4503125,18.9288425,0.0473161675
58572.4712269,18.8909206,0.0460104607
58573.4159028,18.9833298,0.0492664687
58573.4314352,18.9866562,0.0493884645
58573.448206,18.8612671,0.0450181477
58574.4487384,18.8911343,0.0460176878
58574.4714931,19.0173855,0.0505312383
58575.4333102,18.9082985,0.0466036499
58575.4522454,18.9090347,0.0466289483
58575.4531713,18.9665585,0.048656702
58575.4683681,18.9376602,0.0476257876
58577.4105787,18.8804035,0.0456556827
58580.4688773,19.0043812,0.0500440933
58580.469838,18.9361992,0.0475743115
58580.4949653,18.9833069,0.049265638
58580.508125,18.9006481,0.0463414229
58581.405463,18.9723549,0.0488664806
58581.4552199,18.8949509,0.0461472645
58582.4067824,18.9093647,0.0466403142
58582.4304745,18.908884,0.0466237813
58582.4528935,18.9388809,0.0476688333
58583.4990972,18.9196701,0.0469965264
58584.3826505,18.8942871,0.0461246893
58584.4021181,18.9217834,0.0470699631
58585.410463,18.874239,0.0454491489
58585.4291898,18.921833,0.0470716618
58586.3598264,18.9257431,0.0472078733
58586.382963,18.9819069,0.0492144339
58586.3839005,19.006134,0.0501094349
58586.4919097,18.9221306,0.047082033
58587.3832407,18.9752216,0.0489706211
58587.4100926,18.871603,0.0453611873
58587.4275116,18.8479366,0.0445800908
58588.4049884,18.9677811,0.0487008393
58588.4311921,18.8830357,0.0457441807
58588.4562963,19.0110302,0.0502925031
58591.4010648,18.9326363,0.0474491194
58591.4304977,19.0177116,0.0505435467
58591.4559375,18.9904442,0.0495277382
58592.3635069,18.8899765,0.0459784791
58592.364456,19.0640392,0.052322831
58593.3780093,19.0211658,0.0506738871
58593.4067361,19.0456581,0.0516087227
58593.4325116,18.9577065,0.0483382531
58596.3158102,18.9346313,0.0475191697
58596.4099884,18.9405479,0.0477276705
58596.4287731,18.8791656,0.0456141084
58596.430162,18.9413433,0.0477558114
58597.3866898,18.9975338,0.0497896709
58597.404919,18.9632416,0.048537083
58597.4256134,18.9540215,0.0482063964
58598.3398032,18.9770031,0.0490354411
58598.3684838,18.9154015,0.0468485989
58599.4587269,18.9840622,0.0492933244
58605.3827431,18.9377632,0.0476294048
58605.4083565,18.995594,0.0497178249
58605.4092593,18.9724197,0.0488688163
58605.4378588,18.9125233,0.0467491783
58607.3490162,18.9718208,0.0488471091
58607.3687963,18.9392815,0.0476829708
58607.3923843,18.871563,0.0453598797
58608.3438542,18.9146767,0.0468235351
58608.3642708,18.9570827,0.0483159125
58608.3651968,19.0251923,0.0508262552
58608.3915972,18.9552612,0.0482507162
58612.4267361,18.9428043,0.04780747
58612.4549074,18.9603539,0.048433248
58612.4650926,18.9577103,0.048338376
58616.3752431,18.9605217,0.0484392904
58616.386713,18.9850445,0.0493293293
58616.3876157,18.9990921,0.0498474389
58616.4151389,18.9633923,0.0485425368
58617.3265972,18.9523926,0.0481482074
58617.3415741,18.949688,0.048051849
58617.3633565,18.9598598,0.0484154858
58618.3434375,18.8813362,0.0456870012
58618.3676042,18.7678127,0.0420494154
58627.3688194,19.0189571,0.0505905002
58627.3697569,19.0148125,0.0504344441
58627.3942014,19.0204124,0.0506454334
58628.3721644,18.9889488,0.049472712
58628.3945602,18.9444351,0.0478652343
58632.276794,18.9410229,0.047744479
58632.2982755,18.9535179,0.0481883772
58632.3221644,18.993412,0.0496372022
58632.3245139,18.9716721,0.0488417037
58635.2543056,18.9794121,0.0491232798
58635.280544,18.9822426,0.0492266826
58635.2814699,18.9978485,0.0498013347
58636.2142245,19.0277348,0.0509227477
58636.3283681,18.9378376,0.0476320498
58636.4168866,18.9792004,0.0491155311
58637.3075463,18.9470673,0.0479586273
58637.3247222,19.0068283,0.0501353294
58637.3407292,18.9770775,0.0490381755
58638.2643981,18.9296494,0.0473444089
58638.2826968,18.9322052,0.0474339798
58638.2836227,18.946846,0.0479507968
58638.3036343,18.9782562,0.0490810983
58639.2893056,18.9786186,0.0490943119
58639.3030787,18.9801693,0.0491509102
58639.3258102,19.0122719,0.0503390655
58640.2479745,19.0198669,0.0506248176
58640.2618981,18.9971981,0.0497772172
58640.2844907,18.975111,0.0489665866
58641.2993634,18.9866905,0.0493897311
58641.3218519,18.9383755,0.0476510078
58641.3241667,18.9448929,0.047881458
58641.4077199,18.9907303,0.0495382771
58642.2431481,18.981472,0.0491985157
58642.2666782,18.9478302,0.0479857363
58642.2847917,18.9486256,0.0480140075
58643.2613194,19.0324726,0.0511030778
58643.28625,18.9081745,0.0465993881
58643.3096991,18.9869766,0.0494002402
58644.2837847,18.9341431,0.0475020334
58644.3063426,18.9507942,0.0480912514
58644.3072454,18.9946823,0.049684152
58645.2879282,19.0017395,0.0499457642
58645.3012153,19.0353985,0.0512148291
58645.3197454,19.0156746,0.0504668541
58646.2353356,18.9740295,0.0489272885
58646.286169,19.0262184,0.0508651808
58647.257963,18.9932098,0.0496297218
58647.283912,18.9440575,0.0478518419
58647.284838,18.9866753,0.0493891612
58648.2237269,18.9883156,0.0494494326
58648.2345023,18.9502373,0.048071377
58649.2490741,18.9987411,0.049834393
58649.2565394,18.8996735,0.0463081263
58649.2847338,19.001852,0.0499499291
58650.284537,19.0071335,0.0501467288
58651.2662847,18.9624767,0.0485095829
58651.2820949,18.9891224,0.0494791158
58651.2960301,19.0757084,0.0527818426
58652.2855903,18.9701042,0.0487848967
58652.3058565,19.0325203,0.051104892
58652.3257986,19.0005207,0.0499004461
58653.2021181,18.9277306,0.0472772755
58653.2030556,18.985611,0.0493500941
58653.4109375,19.0053139,0.0500788391
58654.2078588,19.0454865,0.0516020991
58654.2151389,18.995615,0.0497186147
58654.3416435,18.9543591,0.0482184552
58655.1878472,19.0681496,0.0524840057
58655.1978935,18.9286041,0.0473078229
58655.2144097,19.0019035,0.0499518402
58657.3484144,19.0362148,0.0512460619
58657.3595833,18.9969826,0.0497692302
58657.3728125,19.0330925,0.0511267185
58657.3866204,19.0113144,0.050303176
58658.2473032,18.9929771,0.0496211387
58660.3222106,19.0323486,0.0510983504
58661.3121181,18.9506226,0.0480851382
58661.3196296,19.0346031,0.0511844382
58662.2480903,18.9797821,0.0491367653
58663.3195949,18.9654331,0.0486160889
58663.3205208,18.9285393,0.0473055691
58665.3537731,18.9724178,0.0488687679
58666.266412,18.9648323,0.0485944226
58666.267338,18.9302979,0.0473671146
58668.3233333,18.8903179,0.0459900238
58669.319294,18.9054623,0.0465062112
58669.3202315,18.9196243,0.0469949134
58670.3009491,18.8716564,0.0453629754
58671.1934259,18.9269791,0.0472510308
58672.2190625,18.8701134,0.0453115851
58672.2199653,18.9390736,0.0476756468
58673.2200579,18.9221725,0.0470834896
58675.2553009,18.9085121,0.046610985
58675.25625,18.8932343,0.0460889339
58676.2137963,18.9401569,0.0477138571
58678.1996065,18.8678455,0.0452361293
58678.2005903,18.881813,0.0457030348
58679.2231597,18.9755554,0.0489827655
58680.2845486,18.915451,0.0468503274
58681.2654051,18.8666553,0.0451966114
58681.2848727,18.9684143,0.0487237275
58682.2563194,18.8976154,0.0462379493
58684.1789352,18.9120541,0.0467329696
58685.3275347,18.9605999,0.0484420732
58686.2990162,18.8952579,0.0461576767
58690.1827894,18.8218689,0.043737717
58691.1798032,18.8823986,0.0457227193
58691.2064583,18.8871822,0.0458839834
58694.2063773,18.9686508,0.0487323068
58696.3408218,18.9287243,0.0473120324
58697.1755324,18.8944168,0.0461291075
58697.1764583,18.8703976,0.0453210324
58698.1841088,18.9900398,0.0495128557
58700.1824074,18.8959503,0.0461812392
58700.3846644,18.9514675,0.0481152162
58703.1699884,18.8318615,0.0440584496
58703.1709259,18.7983017,0.0429920778
58704.1877083,18.8890648,0.0459476151
58705.1550463,19.087204,0.0532383285
58707.1631944,18.9517975,0.0481269956
58709.261169,18.9149284,0.0468322337
58709.2668287,18.8287735,0.0439590216
58711.2856829,18.8978882,0.0462472513
58712.2472338,18.8679008,0.0452379882
58713.2454167,18.8258247,0.0438643731
58714.3499769,18.9320736,0.0474293754
58724.1533565,18.8712463,0.0453493111
58725.2421065,18.8932323,0.0460888557
58727.1424306,18.8955231,0.046166718
58727.1438194,18.8651276,0.045145914
58728.2010648,18.9172592,0.0469128937
58732.2135069,18.9019623,0.0463863313
58733.2212847,18.9114647,0.0467126667
58734.1408912,18.986042,0.0493659265
58734.1418287,18.951952,0.0481325127
58735.2484491,18.8728771,0.0454036929
58737.1836111,18.7895145,0.0427178368
58740.2612616,18.8997383,0.0463103652
58740.2621759,18.8642559,0.0451170355
58745.1248611,18.9587898,0.0483771041
58761.1158912,18.9000053,0.0463194773
58771.1018056,18.9103241,0.04667335
58775.10125,18.9303188,0.0473678671
58781.092037,18.8919239,0.0460444838
58792.1109722,19.0874844,0.0532495528
58795.0786458,19.0619431,0.0522408672
58854.5710648,19.1084385,0.0540929623
58856.5106713,19.0310631,0.0510493666
58873.5341551,18.9975967,0.0497919619
58876.5582639,19.1021538,0.0538384765
58883.5576157,19.0985985,0.053695105
58886.5584491,19.0829334,0.0530682579
58893.5426736,19.0860653,0.0531929247
58898.5369213,19.0769081,0.052829314
58904.5260532,19.0512486,0.0518247858
58908.5120486,19.08498,0.0531497039
58911.5145139,19.1058006,0.0539859757
58914.5336574,19.0596886,0.0521528572
58936.5149884,19.0308418,0.0510409176
58943.4940625,19.0817471,0.0530211218
58953.4472917,18.9659157,0.0486334674
58954.5057755,19.0218372,0.0506992564
58955.435463,19.0799789,0.0529509522
58956.486412,19.1623859,0.056331981
58962.4794329,19.0853615,0.0531648956
58964.4331134,19.0909939,0.0533898063
58965.4403935,19.069519,0.0525378436
58966.3912963,19.0881577,0.0532763898
58967.386412,19.0582581,0.052097097
58968.3989699,19.090229,0.0533591881
58969.3695139,19.1069832,0.0540339053
58969.3704398,19.0880756,0.0532731563
58970.4051505,19.0568275,0.0520413965
58970.406088,19.0750065,0.0527540967
58971.4106829,19.0366077,0.0512610637
58971.4116204,19.1290474,0.0549367107
58972.4102199,19.0584354,0.0521040149
58972.4111458,19.069067,0.0525200777
58973.3386458,19.1332397,0.0551101044
58973.3506713,19.0612202,0.0522126444
58974.3408333,19.0686073,0.0525019914
58974.3417593,19.0587635,0.0521167852
58975.394537,19.0366459,0.0512625277
58975.3954745,19.0972252,0.0536398292
58976.32,18.973423,0.0489052497
58976.3303125,19.182972,0.0572124831
58977.4095718,19.2338562,0.0594527051
58977.4105093,19.1467285,0.0556719676
58978.3111227,19.0367393,0.0512661338
58978.3120602,19.0470867,0.0516638644
58979.3206019,19.0464516,0.0516393408
58979.3332755,19.067688,0.0524658933
58980.3056713,19.1434174,0.055533506
58980.3066088,19.0287609,0.0509617589
58981.2748495,19.12887,0.0549293719
58981.2870949,19.0665131,0.0524198115
58983.45875,19.0658569,0.0523940474
58984.4101157,19.0540791,0.0519345403
58984.4748495,19.0593185,0.0521383956
58985.3870718,19.0084171,0.050194703
58985.3880093,19.1337852,0.0551327243
58986.2965972,19.0599213,0.0521619245
58986.3065856,19.1512604,0.0558621436
58987.3422685,19.0856133,0.0531749204
58987.343206,19.0832977,0.0530827604
58991.2749306,19.0860176,0.0531910248
58991.2839815,19.0621662,0.0522495806
58992.2982755,19.1479778,0.0557243228
58992.2992014,19.0670433,0.05244058
58994.3158681,19.0901489,0.0533559956
58995.2769792,19.1421604,0.055480998
58995.2860417,19.1650696,0.0564459264
58996.2760532,19.1446953,0.055586908
58996.2770023,19.1229954,0.0546874516
58997.3038194,19.1059418,0.0539917275
58997.3052315,19.136055,0.0552268848
58998.3184375,19.0508232,0.0518083088
58998.3203356,19.1165695,0.0544241667
58999.3397801,19.0836449,0.0530965552
58999.3407176,19.0954208,0.0535672829
59000.3890856,19.0310287,0.0510480478
59000.3900231,19.1434345,0.0555341952
59001.2797917,19.1770248,0.0569566377
59001.2812153,19.0794373,0.0529294461
59004.2841319,19.1537552,0.0559671447
59008.32875,19.0490875,0.0517411493
59011.2607523,19.0297146,0.0509980358
59014.2385764,19.1454773,0.0556196161
59017.2819907,19.1018906,0.0538278334
59020.2651273,19.1144695,0.0543383993
59023.1993519,19.1712437,0.0567090437
59026.2850694,19.1280079,0.054893814
59032.2397685,19.061615,0.0522280633
59035.3284375,19.1085072,0.0540957712
59038.2211806,19.1735611,0.0568081476
59041.2629745,19.1551533,0.0560260341
59044.2356597,19.1675243,0.0565503724
59047.2294213,19.1981945,0.0578731112
59049.3434722,19.2048244,0.0581633896
59050.2784722,19.1346321,0.0551678166
59050.2794097,19.2290516,0.0592372715
59051.2461227,19.1799545,0.057082504
59052.2604167,19.1433735,0.0555316582
59053.3004977,19.1809311,0.0571245365
59053.3014352,19.1882057,0.0574387312
59054.351169,19.1934032,0.0576643273
59055.2460417,19.222496,0.0589446425
59056.2041551,19.2487087,0.0601239949
59056.2074537,19.2669487,0.0609593466
59057.3313889,19.1117897,0.0542291887
59059.1844792,19.2757645,0.0613674298
59060.2034028,19.1211319,0.0546109602
59061.2557292,19.274147,0.0612923913
59062.233588,19.1360092,0.0552249551
59062.2345255,19.1750546,0.056872122
59063.2836227,19.3607273,0.065449439
59065.178588,19.2247581,0.0590454154
59065.1795139,19.311491,0.0630507693
59066.2487731,19.1484451,0.0557439178
59067.1750694,19.2078915,0.0582981482
59068.24,19.2122154,0.0584887937
59069.2195949,19.2383614,0.0596554764
59070.2071412,19.1342411,0.0551516041
59071.1974421,19.2371998,0.0596031472
59071.1983796,19.1891136,0.0574780405
59072.1954398,19.2114239,0.0584538504
59073.201088,19.2156658,0.0586413443
59075.2168634,19.2035255,0.0581063814
59075.2192014,19.2142353,0.0585780367
59076.2037153,19.2130241,0.0585244931
59077.1546991,19.261961,0.060729716
59078.178206,19.1560478,0.0560637973
59079.1955787,19.2540874,0.0603690594
59079.1965046,19.2769127,0.0614208393
59080.1815741,19.1794357,0.0570602044
59081.1999769,19.2542038,0.0603743978
59084.207419,19.2314548,0.0593449399
59086.175787,19.2085533,0.058327321
59087.1403356,19.3965302,0.0672524273
59087.1572569,19.1597366,0.0562196858
59088.1812731,19.157526,0.0561262146
59089.2158449,19.1366768,0.0552526787
59090.1792593,19.0823345,0.0530444682
59093.2035301,19.1905651,0.0575410128
59094.2863773,19.3850136,0.066666998
59094.2873148,19.3313236,0.0640058741
59095.1563194,19.3574181,0.0652853101
59096.1959954,19.2378922,0.059634354
59096.1969329,19.1366158,0.0552501529
59096.2034838,19.3502998,0.0649337173
59096.2809606,18.9839954,0.0492908806
59098.1598727,19.1992569,0.0579195097
59098.1647569,19.2005653,0.0579767451
59098.1656944,19.2229939,0.0589667782
59098.303588,19.1774998,0.0569770075
59099.1348032,19.2285557,0.0592150874
59099.1372801,19.2180138,0.0587454364
59099.1382176,19.2506027,0.0602101795
59106.2030208,19.3591232,0.0653698668
59107.1351273,19.1954193,0.0577520765
59107.2603241,19.0358734,0.0512329713
59109.1584954,19.1804466,0.0571036972
59110.2687037,18.8547268,0.0448025949
59111.225162,19.0506363,0.0518010557
59112.1779282,19.1697063,0.0566433854
59113.136169,19.2156658,0.0586413443
59113.1581134,19.3005295,0.062529251
59114.180544,19.2497711,0.0601723604
59115.1539468,19.240633,0.0597580262
59116.1981366,19.2302475,0.0592908151
59117.1129861,19.2643471,0.0608394817
59117.1306134,19.32061,0.063488096
59118.2220139,19.2553635,0.06042739
59119.1601505,19.1970596,0.0578235872
59119.1763426,19.1855125,0.0573222153
59120.2022338,19.1359577,0.0552228205
59121.1560648,19.3775139,0.0662885681
59121.1570023,19.3079834,0.0628834218
59124.2165509,19.0897865,0.0533415042
59124.2174884,19.4567356,0.0703986958
59124.2184259,19.2904358,0.0620529987
59130.1357755,19.2564564,0.0604773834
59130.144213,19.1675453,0.0565512888
59131.1010648,19.2404251,0.059748657
59135.1338194,19.2744808,0.0613078848
59135.1347569,19.2931862,0.0621823855
59136.1620949,19.2264957,0.0591229945
59137.1183218,19.2198372,0.0588263571
59139.0947454,19.1788425,0.0570346788
59141.1193403,19.139761,0.0553809553
59141.1524074,19.2272968,0.0591587871
59142.1347338,19.1975822,0.0578463674
59143.142963,19.2846107,0.0617798343
59146.1101273,19.2235203,0.0589902513
59149.0963889,19.0316906,0.0510732569
59151.0901157,19.2215157,0.0589009747
59153.1002199,19.1797581,0.0570740514
59157.0828819,19.2730045,0.0612393804
59221.5505787,19.1401978,0.0553991832
59224.5140394,19.3734322,0.0660835356
59227.5511458,19.2112045,0.0584441721
59230.5499537,19.330761,0.0639785752
59232.4950579,19.1862621,0.0573545806
59249.5088426,19.1875114,0.0574086383
59251.5173958,19.1697445,0.0566450097
59253.5118287,19.2720222,0.0611938611
59255.431169,19.222683,0.0589529201
59258.492037,19.1750526,0.0568720177
59262.488125,19.3309879,0.0639895648
59264.5270833,19.2972279,0.0623730272
59266.5277431,19.2422638,0.0598317422
59268.4734375,19.2954483,0.0622889921
59270.5073727,19.2743683,0.0613026209
59272.4693981,19.3823776,0.0665337443
59275.5136921,19.2247353,0.0590444058
59282.5101505,19.2302227,0.0592896901
59292.4693634,19.253109,0.0603244491
59295.4887731,19.2857571,0.0618335083
59297.4098495,19.1551094,0.0560242236
59300.4486111,19.2181549,0.0587516725
59302.4264815,19.2043056,0.0581405833
59304.4736227,19.0051994,0.0500745736
59307.4070718,19.2149277,0.058608681
59309.4910648,19.2490902,0.0601413473
59311.4793519,19.2180882,0.0587487109
59313.4445486,19.210371,0.0584073663
59315.4473032,19.1885834,0.0574551001
59317.432338,19.2559948,0.0604562238
59320.472581,19.2455635,0.0599811934
59322.3049537,19.2454338,0.0599753
59324.2803588,19.1894836,0.0574941076
59328.2857523,19.2166824,0.0586863905
59334.3625231,19.2777557,0.0614600405
59336.370081,19.259388,0.0606116392
59339.3436921,19.2476025,0.0600737147
59341.4094213,19.2385426,0.0596636534
59343.3490856,19.165741,0.0564744659
59345.4467014,19.1512718,0.0558626018
59349.3250926,19.2106686,0.0584205054
59353.4303356,19.2373657,0.059610609
59356.3671065,19.1672382,0.0565381944
59359.3921296,19.139698,0.0553783737
59362.2884491,19.1545258,0.0559995957
59364.3444097,19.2008286,0.0579882674
59366.3383565,19.20224,0.0580500588
59368.386875,19.164629,0.0564271808
59370.3419097,19.1908646,0.0575539954
59372.3190509,19.1222095,0.0546551868
59376.3073264,19.2125511,0.0585035905
59378.3043171,19.1681309,0.0565762259
59380.3605093,19.1723614,0.0567568392
59382.3472222,19.093483,0.0534895323
59384.3429167,19.0308304,0.0510405116
59386.3706481,19.1618652,0.0563098788
59390.3289236,19.2202511,0.0588447303
59392.3415509,19.1179657,0.054481253
59394.2868403,19.1633778,0.0563740656
59396.3300463,19.0969124,0.0536272191
59399.3290509,19.1769066,0.0569515228
59401.3247106,19.1917477,0.057592351
59403.3076042,19.1938877,0.0576853752
59407.3090509,19.1327972,0.0550917834
59409.2850579,19.2144432,0.0585872158
59411.2393519,19.2672119,0.0609714985
59414.2853356,19.2228489,0.0589603558
59423.2416088,19.2010765,0.0579991154
59427.223287,19.2285614,0.0592153445
59434.2015741,19.1437511,0.0555474497
59436.2159028,19.1650505,0.056445118
59439.225625,19.1328068,0.0550921783
59441.1975,19.18437,0.0572728291
59443.2401505,19.2279282,0.0591869839
59449.1841088,19.2850304,0.0617994666
59451.1731713,19.219944,0.0588311218
59453.164294,19.1639938,0.0564001836
59455.1730903,19.2053967,0.0581885129
59458.2071412,19.1890316,0.0574745238
59460.2007523,19.1552925,0.0560319126
59462.1993287,19.1610489,0.0562752709
59464.2827199,19.1372623,0.0552770011
59468.2419676,19.1250248,0.0547709242
59473.161875,19.1791763,0.0570490249
59476.1946296,19.0478897,0.0516948439
59478.1847338,19.1840858,0.0572605804
59480.1976389,19.0284691,0.0509506539
59484.2379514,19.1611423,0.0562792085
59488.1740625,19.3112736,0.0630403981
59490.142963,19.091217,0.0533987358
59502.1740162,19.2674255,0.0609813444
59504.1205671,19.2199173,0.0588298999
59512.1239236,19.1064205,0.0540110953
59521.1414352,19.184103,0.0572612993
59523.0946528,19.0997868,0.0537429899
59600.5340162,18.8965721,0.0462024212
59623.4132986,19.0371132,0.0512804128
59625.4746528,19.0553513,0.0519839525
59628.5344676,19.0322132,0.0510932133
59630.5358565,19.060606,0.0521886311
59637.429213,19.0146599,0.0504287109
59639.5119213,18.944931,0.047882814
59641.4887037,19.0495853,0.0517604165
58263.3514699,19.2217903,0.0624209121
58263.3519329,19.0998878,0.0569457114
58268.3939236,19.1911507,0.0609972253
58268.3943866,19.1106396,0.0574086159
58270.3746065,19.0616531,0.0553303659
58270.3750694,19.1118469,0.0574607924
58292.2911806,19.0479221,0.0547617488
58292.2916319,19.0421219,0.0545234084
58298.3308102,19.0299892,0.0540282428
58298.3312731,19.0374374,0.0543316565
58299.3253241,19.0943813,0.0567101501
58299.325787,19.0982285,0.0568746179
58534.4133912,18.8297024,0.0465046987
58558.2963657,19.1062145,0.0572176576
58580.3711574,18.9029217,0.0491166487
58593.3063657,18.9961929,0.0526734814
58602.3027778,18.8959389,0.0488608778
58606.2833449,18.9574604,0.0511644408
58617.2842477,18.9741898,0.0518105477
58618.2283449,19.0375938,0.0543380417
58633.3292361,18.9686852,0.051597029
58633.3296875,18.9451847,0.0506957211
58634.3191319,18.9689732,0.051608149
58634.3195833,18.9556198,0.0510938801
58646.2632986,19.022892,0.053740792
58646.26375,18.9633865,0.0513923429
58651.3546412,19.0327492,0.0541404597
58652.3446759,19.0223198,0.0537176877
58652.3451273,18.9220448,0.0498245582
58654.3929051,19.0891991,0.0564893521
58654.3933565,18.9785194,0.0519791692
58655.3213889,18.9530334,0.050994873
58655.3218403,19.0373802,0.0543293245
58676.2256829,18.9034271,0.0491352193
58676.2261458,18.8538246,0.0473482274
58677.2212731,18.8886547,0.0485955365
58677.2217245,18.8586559,0.0475191325
58680.2650116,18.8506031,0.0472346023
58680.265463,18.8970757,0.0489023998
58695.2630324,19.0240936,0.0537893549
58695.2634838,18.943222,0.0506212227
58728.2316667,18.890789,0.0486731455
58954.5062269,19.0374107,0.0543305911
58954.5066782,19.0663567,0.055526495
58974.306794,19.0023193,0.0529164076
58974.3072569,19.0793343,0.056071464
59028.2496296,19.1645203,0.0597860254
59052.1733796,19.2737656,0.0649107695
59059.1653935,19.2418861,0.0633723214
59061.3556829,19.0848312,0.0563039333
59087.1398611,19.2101936,0.061878264
59087.1407986,19.2280045,0.0627135783
