712205300013443,32768,58214.2052546,16.1330471,0.0153229889
712205300013443,32768,58214.2062384,16.0416946,0.0150423804
712205300013443,32768,58215.1916204,16.1216049,0.0152859455
712205300013443,0,58217.2060417,16.0799484,0.0151557215
712205300013443,0,58217.2071296,16.1139221,0.01526138
712205300013443,0,58217.2281366,16.1951065,0.0155338338
712205300013443,0,58217.2290509,16.0893745,0.0151845571
712205300013443,0,58218.2289352,16.1174583,0.0152726537
712205300013443,0,58218.234213,16.0764961,0.0151452497
712205300013443,0,58218.2632639,16.1148453,0.0152643193
712205300013443,0,58219.2100694,16.0329056,0.0150171611
712205300013443,0,58219.2470718,16.049984,0.0150664458
712205300013443,0,58219.2579282,16.0017509,0.0149301961
712205300013443,0,58221.2098611,16.0454521,0.0150532536
712205300013443,0,58221.2107755,15.93085,0.0147458892
712205300013443,0,58221.2346065,16.0081711,0.0149478083
712205300013443,0,58221.2355671,15.9310789,0.0147464545
712205300013443,0,58222.2555208,16.0405235,0.0150390053
712205300013443,0,58223.1899421,16.0079918,0.0149473185
712205300013443,0,58224.1847569,16.1339684,0.015325998
712205300013443,0,58224.1856713,16.0645905,0.0151095083
712205300013443,32768,58224.2073032,16.0907211,0.0151887033
712205300013443,32768,58224.2082176,16.1728516,0.0154562658
712205300013443,0,58226.256169,16.1050415,0.015233296
712205300013443,0,58227.2533796,16.0676785,0.0151187265
712205300013443,0,58227.2544097,16.0619011,0.0151015148
712205300013443,0,58229.1929398,16.1468391,0.0153683899
712205300013443,0,58231.1777662,16.0962334,0.0152057679
712205300013443,0,58231.1786806,16.1153374,0.0152658876
712205300013443,0,58244.1873843,16.0564461,0.0150853898
712205300013443,0,58245.1846991,16.0159588,0.0149693908
712205300013443,0,58245.185625,16.043457,0.015047472
712205300013443,0,58246.2159606,15.9742384,0.0148564717
712205300013443,0,58247.2247106,16.0106201,0.0149545725
712205300013443,0,58248.1666435,16.0411263,0.0150407394
712205300013443,32768,58249.1642477,16.0225983,0.0149879772
712205300013443,0,58250.2178588,15.6408081,0.0141673507
712205300013443,0,58257.2257523,16.0447636,0.0150512559
712205300013443,0,58257.2267014,16.0129814,0.0149611169
712205300013443,0,58260.1843981,16.0213318,0.0149844158
712205300013443,0,58260.1853356,16.0058517,0.0149414307
712205300013443,0,58262.1872569,16.0609608,0.0150987301
712205300013443,0,58262.2394792,16.00844,0.0149485534
712205300013443,0,58263.2099653,16.028204,0.0150037967
712205300013443,0,58266.2378935,16.0591221,0.0150932856
712205300013443,0,58266.2397106,16.0870705,0.0151774734
712205300013443,0,58271.1831829,16.1210594,0.0152841918
712205300013443,0,58277.2379167,16.094656,0.015200872
712205300013443,0,58277.238831,16.0107975,0.0149550652
712205300013443,0,58278.2413542,16.1394901,0.0153440973
712205300013443,0,58280.1860764,16.056736,0.0150862476
712205300013443,0,58280.1869907,16.0636635,0.0151067516
712205300013443,0,58281.198669,16.0290241,0.0150061222
712205300013443,0,58284.1748148,16.056303,0.015084967
712205300013443,0,58284.1800347,16.0632782,0.0151056089
712205300013443,0,58288.2457407,16.0825176,0.0151635427
712205300013443,0,58291.2504167,16.0516167,0.0150712132
712205300013443,0,58294.2339583,16.144043,0.0153591167
712205300013443,0,58422.5410532,16.0436592,0.0150480606
712205300013443,0,58423.5303125,16.0637589,0.0151070366
712205300013443,0,58423.541412,16.0773849,0.0151479384
712205300013443,0,58424.5238542,16.0514488,0.0150707224
712205300013443,0,58425.4869097,15.8889904,0.0146455728
712205300013443,0,58426.5244213,15.977869,0.0148660364
712205300013443,0,58426.5253588,16.0992775,0.0152152469
712205300013443,0,58427.4943403,15.8579111,0.0145750083
712205300013443,0,58428.5046181,15.8006344,0.0144533562
712205300013443,32768,58429.5339352,15.8982201,0.0146671683
712205300013443,0,58429.5348611,15.9440699,0.0147788543
712205300013443,0,58430.4920023,16.107584,0.0152413035
712205300013443,0,58431.5278241,15.9815273,0.0148757258
712205300013443,0,58432.5332639,16.1383457,0.0153403347
712205300013443,0,58432.5342014,16.1995392,0.0155495526
712205300013443,0,58434.493044,15.8087368,0.0144699197
712205300013443,0,58437.5329282,16.0261192,0.0149978986
712205300013443,0,58438.5342824,16.0630951,0.0151050612
712205300013443,0,58438.5352083,15.9736986,0.0148550523
712205300013443,0,58440.5362963,16.0026989,0.014932787
712205300013443,0,58441.5260185,16.0944767,0.0152003197
712205300013443,0,58441.526956,16.1243076,0.0152946441
712205300013443,0,58443.4678125,16.0719681,0.0151315872
712205300013443,0,58447.4652431,16.11623,0.0152687337
712205300013443,0,58447.466169,16.1779404,0.0154738082
712205300013443,0,58447.5352199,15.992301,0.0149045521
712205300013443,0,58447.5361458,16.0231667,0.0149895754
712205300013443,0,58448.486331,16.1404877,0.0153473811
712205300013443,0,58448.5332292,16.209404,0.0155848479
712205300013443,0,58449.5289931,16.0677567,0.0151189566
712205300013443,0,58450.5253241,16.1967297,0.0155395819
712205300013443,0,58450.5264236,16.0543022,0.0150790857
712205300013443,0,58455.4757407,16.0819416,0.015161789
712205300013443,0,58455.4766782,16.0951004,0.0152022513
712205300013443,32768,58455.5229398,16.0929127,0.0151954759
712205300013443,32768,58455.5238773,16.1843433,0.0154960426
712205300013443,0,58461.5313079,16.0884018,0.0151815647
712205300013443,0,58461.5326968,16.0952778,0.0152028035
712205300013443,0,58464.5360995,16.0415421,0.0150419399
712205300013443,0,58464.5370139,16.039278,0.0150354169
712205300013443,0,58465.5002083,16.1109543,0.0152519578
712205300013443,32768,58466.4713773,16.0746994,0.0151398163
712205300013443,0,58468.5068634,16.1049957,0.0152331544
712205300013443,32768,58469.4795602,15.9299841,0.0147437481
712205300013443,0,58471.5349421,16.1038342,0.0152295027
712205300013443,0,58471.5358565,16.0792713,0.0151536632
712205300013443,0,58472.5471181,16.0792122,0.0151534826
712205300013443,0,58480.4494213,15.9870453,0.0148904361
712205300013443,0,58486.4598032,16.0975838,0.0152099682
712205300013443,0,58486.4616319,16.0933399,0.0151967946
712205300013443,0,58487.4337963,16.1178551,0.0152739231
712205300013443,0,58491.5330787,16.105072,0.0152333947
712205300013443,0,58491.5349421,16.080986,0.015158874
712205300013443,0,58492.4913657,16.1778107,0.0154733593
712205300013443,0,58493.5181366,16.2693939,0.0158092473
712205300013443,0,58494.4437384,16.0867081,0.0151763605
712205300013443,0,58494.4460648,16.0820503,0.0151621178
712205300013443,0,58502.5158218,16.1009789,0.0152205611
712205300013443,0,58502.5172222,16.0875759,0.015179025
712205300013443,32768,58503.4921065,16.2667274,0.0157989077
712205300013443,0,58505.5073843,15.8697205,0.0146014392
712205300013443,32768,58505.5083333,15.9545164,0.014805356
712205300013443,0,58506.431875,15.9253969,0.0147324679
712205300013443,0,58508.468125,16.0688324,0.0151221799
712205300013443,0,58508.4699769,16.047596,0.0150594814
712205300013443,0,58510.2831597,16.0287971,0.0150054814
712205300013443,32768,58512.4482176,16.168602,0.0154417101
712205300013443,32768,58513.4421644,16.2000809,0.0155514786
712205300013443,32768,58514.3866319,16.1790504,0.0154776489
712205300013443,32768,58514.3875463,16.1576805,0.0154046537
712205300013443,0,58534.3586343,16.0460968,0.0150551274
712205300013443,32768,58538.2245949,16.1685982,0.0154416924
712205300013443,0,58562.353206,16.0872269,0.015177954
712205300013443,0,58567.2449537,16.0092697,0.0149508417
712205300013443,0,58572.2263889,16.0705853,0.0151274316
712205300013443,32768,58575.2249884,15.8957376,0.0146613289
712205300013443,0,58580.2171875,16.0669308,0.0151164914
712205300013443,0,58583.261956,16.0716095,0.0151305068
712205300013443,0,58586.1952894,16.0157948,0.0149689373
712205300013443,32768,58589.1953356,16.2197762,0.0156224435
712205300013443,0,58592.2420255,16.1139755,0.0152615514
712205300013443,0,58599.1631597,16.1122246,0.0152559886
712205300013443,0,58608.2200694,16.0613117,0.0150997676
712205300013443,0,58612.1990509,16.0308743,0.0150113776
712205300013443,0,58617.245625,16.0618668,0.015101416
712205300013443,0,58632.180162,16.022234,0.01498695
712205300013443,0,58633.1726968,16.0441933,0.0150496056
712205300013443,0,58634.1748148,16.0775566,0.0151484581
712205300013443,0,58634.1818287,16.0057716,0.0149412109
712205300013443,0,58637.1749421,16.0414867,0.0150417825
712205300013443,0,58640.2237616,16.0335484,0.0150189949
712205300013443,0,58643.2461921,16.0065289,0.0149432914
712205300013443,0,58646.2241088,15.9682961,0.0148409195
712205300013443,0,58649.2194213,16.0103874,0.0149539309
712205300013443,0,58654.177662,16.0229645,0.0149890063
712205300013443,0,58662.1828356,15.975337,0.0148593578
712205300013443,0,58669.1769329,15.9899483,0.0148982182
712205300013443,0,58672.1990278,15.9588594,0.0148164891
712205300013443,0,58749.5131597,16.0810928,0.0151592018
712205300013443,0,58749.5181713,16.0466995,0.0150568755
712205300013443,0,58749.5231713,16.0856781,0.0151732042
712205300013443,0,58749.5281829,16.114727,0.0152639421
712205300013443,0,58751.5145718,16.0720482,0.0151318274
712205300013443,0,58751.5194444,16.1143417,0.0152627155
712205300013443,0,58751.5243287,16.116375,0.0152691929
712205300013443,0,58751.529213,16.07687,0.0151463803
712205300013443,0,58758.5276736,16.1097298,0.0152480826
712205300013443,0,58761.5068287,16.1244698,0.0152951675
712205300013443,0,58764.4925926,16.1290779,0.0153100714
712205300013443,0,58770.4932523,16.0640182,0.0151078049
712205300013443,0,58776.5066088,16.0451736,0.0150524443
712205300013443,0,58785.5139005,16.113369,0.0152596217
712205300013443,0,58788.533912,16.0954609,0.0152033689
712205300013443,0,58791.5135764,16.0477028,0.0150597943
712205300013443,0,58794.5349537,16.0474052,0.0150589263
712205300013443,0,58798.5418634,16.0622711,0.0151026156
712205300013443,32768,58801.5305556,16.3412857,0.0161011945
712205300013443,0,58804.5510185,16.1384468,0.0153406672
712205300013443,0,58828.4290972,16.0383797,0.0150328316
712205300013443,0,58831.4527199,15.9831858,0.0148801338
712205300013443,0,58833.4524074,15.979393,0.014870069
712205300013443,0,58835.4763079,15.8427467,0.0145417536
712205300013443,0,58838.5123264,15.969347,0.0148436576
712205300013443,0,58846.4298264,16.0381699,0.0150322309
712205300013443,0,58846.4670949,16.0248699,0.0149943708
712205300013443,0,58846.4680208,16.0173836,0.0149733638
712205300013443,0,58849.4409028,16.0397911,0.0150368931
712205300013443,0,58849.4418403,15.9927721,0.0149058225
712205300013443,0,58850.4761343,15.9706745,0.0148471277
712205300013443,0,58851.4562153,15.9853821,0.0148859909
712205300013443,0,58851.4695023,16.0483875,0.0150617855
712205300013443,0,58852.4446759,15.9958134,0.0149140432
712205300013443,0,58852.4534954,15.9804192,0.0148727829
712205300013443,0,58853.5469676,16.0394363,0.0150358742
712205300013443,0,58854.4717014,15.8426876,0.0145416278
712205300013443,0,58855.5270949,16.0519199,0.0150721045
712205300013443,0,58855.5340162,16.0645218,0.0151093053
712205300013443,0,58859.2876042,16.104744,0.0152323646
712205300013443,0,58859.456169,16.0107155,0.014954838
712205300013443,0,58860.304375,16.0751076,0.0151410522
712205300013443,0,58860.3591435,16.0763092,0.0151446844
712205300013443,0,58860.3600463,16.0775375,0.0151484013
712205300013443,0,58861.3289699,15.9173727,0.0147129176
712205300013443,0,58862.3567361,16.0487976,0.0150629804
712205300013443,0,58863.3583102,16.1007843,0.015219952
712205300013443,0,58864.3221528,16.0690689,0.015122884
712205300013443,0,58864.3248727,16.0844612,0.015169478
712205300013443,0,58866.3667014,16.0786285,0.0151517084
712205300013443,0,58867.3683565,16.0673828,0.0151178418
712205300013443,0,58867.3692824,16.1111755,0.01525266
712205300013443,0,58871.3170718,16.0654488,0.0151120657
712205300013443,0,58871.3277894,16.0241032,0.014992211
712205300013443,0,58873.3031944,16.0767574,0.0151460394
712205300013443,0,58873.3045718,16.1579781,0.0154056586
712205300013443,0,58874.3019329,16.0473099,0.0150586497
712205300013443,0,58874.3028704,16.1058121,0.0152357221
712205300013443,0,58874.3037963,16.044054,0.0150491996
712205300013443,0,58875.3025579,15.9870071,0.0148903327
712205300013443,0,58875.3034838,16.0121918,0.0149589228
712205300013443,0,58876.3257639,16.0238304,0.0149914408
712205300013443,0,58876.3266667,16.0693054,0.0151235955
712205300013443,0,58877.3438426,16.0184727,0.0149764074
712205300013443,0,58877.3447685,16.0221672,0.0149867618
712205300013443,0,58877.345706,16.0724182,0.0151329432
712205300013443,0,58878.3203588,15.9921818,0.0149042318
712205300013443,0,58878.3335995,16.0028515,0.0149332043
712205300013443,0,58879.3387963,15.8339205,0.014522749
712205300013443,0,58879.3397222,15.887989,0.0146432491
712205300013443,0,58880.3197801,16.0506554,0.0150684053
712205300013443,0,58880.3437847,16.0728951,0.0151343793
712205300013443,0,58880.3447106,16.0425606,0.0150448801
712205300013443,0,58881.3663889,16.0579281,0.0150897624
712205300013443,0,58881.3673264,16.0293655,0.0150070935
712205300013443,0,58883.2637384,15.9462442,0.014784338
712205300013443,0,58883.2646412,15.9370546,0.0147612831
712205300013443,0,58883.265544,15.9133406,0.0147031806
712205300013443,0,58884.4818171,15.9943123,0.0149099808
712205300013443,0,58884.4912384,15.9178982,0.0147141917
712205300013443,0,58885.2258796,16.0327454,0.0150167076
712205300013443,0,58885.2267824,16.0115471,0.0149571374
712205300013443,0,58886.2988889,16.0431862,0.0150466897
712205300013443,0,58886.3070139,16.0038452,0.0149359275
712205300013443,0,58886.3079282,16.0375862,0.0150305573
712205300013443,0,58888.4220023,16.1035271,0.0152285425
712205300013443,0,58890.4403009,15.9645138,0.0148310866
712205300013443,0,58890.4412269,15.9796286,0.0148706883
712205300013443,0,58891.3225463,16.0896301,0.0151853412
712205300013443,0,58891.3234838,16.0724144,0.0151329329
712205300013443,0,58891.331794,16.0585938,0.0150917247
712205300013443,0,58893.2791782,16.0173664,0.0149733163
712205300013443,0,58893.2801157,15.9928694,0.0149060823
712205300013443,0,58893.3271296,16.0514946,0.0150708584
712205300013443,0,58894.2777546,15.9824581,0.0148781985
712205300013443,0,58894.2786806,15.987484,0.0148916095
712205300013443,0,58894.2796181,16.0332184,0.015018058
712205300013443,0,58895.2790278,16.0429897,0.0150461206
712205300013443,0,58895.2898727,16.1025238,0.0152253937
712205300013443,0,58896.2963194,16.0835075,0.0151665639
712205300013443,0,58896.3094792,16.0617867,0.0151011758
712205300013443,0,58898.3488194,16.0462093,0.0150554515
712205300013443,0,58898.3497454,16.0502377,0.0150671815
712205300013443,0,58899.2777662,16.065733,0.0151129169
712205300013443,0,58899.3441667,16.0280552,0.0150033748
712205300013443,0,58900.2399653,16.0774803,0.0151482271
712205300013443,0,58900.2591204,16.0717049,0.0151307937
712205300013443,0,58903.2221412,16.1008453,0.0152201429
712205300013443,0,58903.2230787,16.1641273,0.0154264625
712205300013443,0,58904.2135532,16.1001244,0.0152178891
712205300013443,0,58905.2449074,16.0320358,0.0150146857
712205300013443,0,58906.2370023,16.046566,0.0150564872
712205300013443,0,58906.2379398,16.0882072,0.0151809687
712205300013443,0,58911.2373727,16.0219898,0.0149862627
712205300013443,0,58912.4041319,16.0891075,0.0151837356
712205300013443,0,58912.4134491,16.0845966,0.0151698962
712205300013443,0,58913.2379282,16.0974064,0.0152094141
712205300013443,0,58914.3429514,16.1533089,0.0153899714
712205300013443,0,58915.3837153,16.1389561,0.0153423399
712205300013443,0,58915.3846412,16.1050453,0.0152333062
712205300013443,0,58939.1866204,16.1119976,0.015255264
712205300013443,0,58939.2113194,16.111887,0.0152549185
712205300013443,0,58939.2188426,16.0933361,0.0151967844
712205300013443,0,58940.2213079,16.1298046,0.0153124332
712205300013443,0,58941.2221528,16.1269035,0.0153030269
712205300013443,0,58944.3447454,16.1331692,0.0153233856
712205300013443,0,58944.3456597,16.1195984,0.0152795017
712205300013443,0,58954.215706,16.028698,0.0150052011
712205300013443,0,58954.2166551,16.0410748,0.0150405923
712205300013443,0,58955.2226968,16.0047436,0.0149383862
712205300013443,0,58956.2610069,15.9381247,0.0147639494
712205300013443,0,58962.2563773,16.0549736,0.0150810592
712205300013443,0,58962.264294,15.9647799,0.0148317758
712205300013443,0,58964.2471296,16.0279598,0.0150031047
712205300013443,0,58965.1842824,16.000988,0.0149281137
712205300013443,0,58965.1851852,16.0550957,0.0150814215
712205300013443,32768,58966.1958681,15.9732132,0.0148537792
712205300013443,0,58967.175463,16.0122757,0.0149591593
712205300013443,0,58968.1720718,16.042141,0.0150436675
712205300013443,0,58968.1730093,15.9927435,0.0149057452
712205300013443,32768,58969.1752662,16.158987,0.0154090598
712205300013443,0,58970.2042361,16.1005211,0.0152191287
712205300013443,0,58971.1767824,16.0589428,0.0150927594
712205300013443,0,58971.1777315,16.071064,0.0151288724
712205300013443,0,58973.1753472,16.0533714,0.0150763532
712205300013443,0,58974.2257986,16.0718822,0.0151313292
712205300013443,0,58974.2267477,16.047039,0.0150578618
712205300013443,0,58975.1845602,16.109972,0.0152488472
712205300013443,32768,58977.2129861,15.9068737,0.0146876797
712205300013443,32768,58977.2282755,16.2305222,0.0156619139
712205300013443,0,58978.2222454,15.9887609,0.0148950312
712205300013443,0,58980.2345139,16.0051804,0.0149395894
712205300013443,0,58980.2354514,16.0991669,0.0152149005
712205300013443,0,58981.2355208,16.0737915,0.0151370792
712205300013443,0,58985.2128819,16.0377445,0.015031008
712205300013443,0,58986.2359838,16.0665436,0.0151153347
712205300013443,0,58987.1710301,16.0475559,0.0150593678
712205300013443,0,58992.2239005,16.071434,0.0151299816
712205300013443,0,58992.224838,16.1051064,0.0152335037
712205300013443,0,58995.2246991,16.0612259,0.0150995133
712205300013443,0,58995.2256366,16.1059093,0.0152360266
712205300013443,0,58996.2235301,16.0146332,0.0149657009
712205300013443,0,58997.2357986,16.0268497,0.0149999624
712205300013443,0,58998.2449074,16.0959759,0.015204967
712205300013443,0,58998.2458449,16.1028366,0.0152263781
712205300013443,0,59011.2415625,16.155983,0.0153989429
712205300013443,0,59014.2230903,16.1741886,0.0154608674
712205300013443,0,59021.2457292,16.1157036,0.0152670527
712205300013443,0,59024.2249653,16.1184292,0.0152757615
712205300013443,0,59027.1754977,16.1286583,0.0153087107
712205300013443,0,59032.1735417,16.1455841,0.0153642241
712205300013443,0,59032.1785995,16.1588478,0.0154085886
712205300013443,0,59032.1836458,16.0385456,0.0150333084
712205300013443,0,59032.1887037,16.1166592,0.0152701028
712205300013443,0,59034.1761343,16.1417484,0.0153515348
712205300013443,0,59034.1810417,16.1271248,0.015303744
712205300013443,0,59034.1859375,16.1363392,0.0153337531
712205300013443,0,59034.1908449,16.1153793,0.0152660189
712205300013443,0,59036.1719329,16.1557446,0.015398141
712205300013443,0,59036.1768287,16.1372204,0.015336642
712205300013443,0,59036.1817245,16.1398106,0.0153451525
712205300013443,0,59036.1866319,16.0920906,0.0151929334
712205300013443,0,59038.1711111,16.1207333,0.0152831404
712205300013443,0,59038.1759838,16.1214218,0.015285355
712205300013443,0,59038.1808565,16.1349697,0.0153292688
712205300013443,0,59038.1857176,16.132061,0.0153197758
712205300013443,0,59040.1805556,16.1841908,0.0154955108
712205300013443,0,59040.1855208,16.0679893,0.0151196579
712205300013443,0,59040.1904861,16.1363735,0.0153338611
712205300013443,0,59042.1721412,16.1341648,0.0153266396
712205300013443,0,59042.1770602,16.0774803,0.0151482271
712205300013443,0,59042.1819792,16.156189,0.0153996358
712205300013443,32768,59042.1868981,16.0110416,0.0149557367
712205300013443,0,59044.1717245,16.1533203,0.0153900059
712205300013443,0,59044.1767014,16.2157402,0.0156077528
712205300013443,0,59044.1816898,16.1854153,0.0154997883
712205300013443,0,59044.1866667,16.1228561,0.015289966
712205300013443,0,59046.1674537,16.1635933,0.0154246502
712205300013443,0,59046.1723958,16.2061291,0.0155730825
712205300013443,0,59046.177338,16.1027527,0.0152261117
712205300013443,0,59046.1822685,16.1522312,0.0153863626
712205300013443,32768,59048.1662616,16.0751839,0.0151412822
712205300013443,0,59048.1712153,16.1892872,0.0155133409
712205300013443,0,59048.1761574,16.0650749,0.0151109546
712205300013443,0,59048.1810995,16.1108055,0.0152514847
712205300013443,0,59117.5102199,16.1804199,0.0154823968
712205300013443,0,59117.514919,16.124897,0.0152965421
712205300013443,0,59117.5196296,16.1467457,0.0153680779
712205300013443,0,59117.5243287,16.1726131,0.0154554471
712205300013443,0,59117.5290394,16.168045,0.0154398037
712205300013443,32768,59119.5161111,16.0330353,0.0150175327
712205300013443,32768,59119.5208218,16.2237816,0.0156370942
712205300013443,32768,59119.525544,16.2807159,0.0158535261
712205300013443,32768,59119.5302662,16.4465923,0.0165774804
712205300013443,0,59121.5125463,16.1607456,0.0154149989
712205300013443,0,59121.5172801,16.1593704,0.0154103562
712205300013443,0,59121.5220139,16.105957,0.0152361775
712205300013443,0,59121.5267593,16.104332,0.0152310673
712205300013443,0,59121.5314931,16.1787148,0.0154764894
712205300013443,0,59126.5290625,16.0729103,0.0151344268
712205300013443,0,59135.4900231,16.0801659,0.0151563808
712205300013443,0,59137.5094213,16.0669632,0.0151165873
712205300013443,0,59140.5297685,16.0793839,0.0151540032
712205300013443,0,59142.5308796,16.0481148,0.0150609957
712205300013443,0,59144.5375,16.0574837,0.0150884502
712205300013443,32768,59146.5281019,16.1009636,0.0152205098
712205300013443,0,59150.5356019,16.0467186,0.0150569305
712205300013443,0,59152.4740741,16.1460686,0.0153658288
712205300013443,0,59155.4772801,16.1666393,0.0154350102
712205300013443,0,59157.4918171,16.1487865,0.0153748645
712205300013443,0,59159.4906944,16.1589775,0.0154090272
712205300013443,0,59165.4901852,16.0813885,0.0151601024
712205300013443,0,59168.5301157,16.0973988,0.0152093936
712205300013443,0,59170.5308681,16.162674,0.0154215312
712205300013443,0,59173.513287,16.0336342,0.0150192399
712205300013443,32768,59175.5118287,16.2676411,0.0158024486
712205300013443,0,59177.4987963,16.1700916,0.0154468017
712205300013443,0,59179.5200231,16.2045155,0.0155673008
712205300013443,0,59181.4951736,16.1277409,0.0153057398
712205300013443,32768,59183.5120833,16.2314777,0.0156654529
712205300013443,0,59185.4741319,16.1409187,0.0153487986
712205300013443,0,59187.4645833,15.9501429,0.0147942128
712205300013443,0,59189.4784491,16.0895672,0.0151851466
712205300013443,32768,59192.364838,16.01437,0.014964968
712205300013443,32768,59192.4949884,16.0931339,0.0151961576
712205300013443,0,59193.4101042,16.0974197,0.0152094606
712205300013443,0,59194.4748032,16.1155548,0.0152665759
712205300013443,0,59198.4726273,16.1510544,0.0153824305
712205300013443,0,59200.5115741,16.1246605,0.0152957812
712205300013443,0,59203.4709838,16.06147,0.0151002398
712205300013443,0,59215.4449884,16.0362911,0.0150268413
712205300013443,0,59217.3938773,16.1103745,0.015250124
712205300013443,0,59219.3571759,16.0697021,0.0151247829
712205300013443,0,59221.4054861,16.1300621,0.0153132705
712205300013443,0,59223.4498958,16.0571003,0.0150873186
712205300013443,0,59229.4260648,15.8009596,0.0144540155
712205300013443,0,59231.370706,16.1471024,0.0153692616
712205300013443,0,59248.3962847,16.1167793,0.0152704874
712205300013443,0,59250.3864583,16.0562248,0.0150847407
712205300013443,0,59252.3030671,16.0342903,0.0150211174
712205300013443,0,59254.3895255,16.0720959,0.0151319709
712205300013443,0,59256.4100694,16.0541916,0.0150787598
712205300013443,0,59258.3459028,16.0880165,0.015180381
712205300013443,0,59260.2595833,16.0626297,0.0151036819
712205300013443,0,59260.3873148,16.0767975,0.0151461586
712205300013443,0,59262.2382986,16.0477257,0.0150598595
712205300013443,0,59262.3413542,16.0609322,0.0150986463
712205300013443,0,59262.3437153,16.0748253,0.0151401982
712205300013443,0,59263.2477778,15.6916809,0.0142502664
712205300013443,0,59264.2236111,16.0940228,0.0151989115
712205300013443,0,59264.2983796,16.0866814,0.0151762813
712205300013443,0,59264.3647338,16.1396065,0.0153444763
712205300013443,0,59265.2592245,16.1050892,0.0152334459
712205300013443,0,59265.3000463,16.0729046,0.0151344063
712205300013443,0,59266.2690972,16.0109253,0.0149554182
712205300013443,0,59266.3251968,16.0012512,0.0149288327
712205300013443,0,59266.3943171,16.0161362,0.0149698872
712205300013443,0,59267.3074306,16.0710011,0.0151286824
712205300013443,0,59268.2650579,16.1046677,0.0152321253
712205300013443,0,59268.321412,16.158062,0.0154059399
712205300013443,0,59268.3223495,16.0933647,0.0151968738
712205300013443,0,59269.3080903,16.090023,0.0151865557
712205300013443,0,59269.3616551,16.0995026,0.0152159492
712205300013443,0,59270.2604514,16.1837883,0.015494111
712205300013443,0,59270.3076505,16.1711903,0.0154505679
712205300013443,0,59270.3621065,16.1110783,0.015252349
712205300013443,0,59271.1338194,16.157402,0.015403714
712205300013443,0,59272.2433912,16.1353226,0.0153304245
712205300013443,0,59272.3208681,16.1350975,0.0153296869
712205300013443,0,59273.2173611,16.154789,0.0153949298
712205300013443,0,59274.3819097,15.9970512,0.0149173969
712205300013443,0,59274.410706,15.898941,0.0146688689
712205300013443,0,59275.3515509,16.1272774,0.0153042395
712205300013443,0,59275.413287,16.0993233,0.0152153876
712205300013443,0,59276.308044,16.1378822,0.0153388111
712205300013443,0,59276.4023495,16.1287689,0.0153090712
712205300013443,0,59278.4274769,16.1084404,0.0152440034
712205300013443,0,59280.2680324,16.1066437,0.0152383391
712205300013443,0,59280.2788426,16.0414295,0.0150416177
712205300013443,0,59280.30375,16.0942497,0.0151996119
712205300013443,0,59281.2144097,16.0640221,0.0151078198
712205300013443,0,59281.2564815,16.065979,0.0151136471
712205300013443,0,59290.2656134,16.0379143,0.0150314979
712205300013443,0,59291.2430787,16.0505638,0.0150681362
712205300013443,0,59291.3584028,16.0758247,0.0151432157
712205300013443,0,59292.3411574,15.9314518,0.0147473756
712205300013443,0,59295.2680671,16.1074028,0.0152407316
712205300013443,32768,59297.2345718,16.2553749,0.0157552827
712205300013443,0,59301.3177199,16.0516682,0.0150713632
712205300013443,0,59303.3219907,16.114151,0.0152621102
712205300013443,0,59303.3234838,16.1990089,0.0155476676
712205300013443,0,59304.1745833,16.0950127,0.0152019784
712205300013443,0,59306.2475926,16.1540794,0.0153925503
712205300013443,0,59306.2485417,16.1463089,0.0153666297
712205300013443,0,59307.2246528,16.0869102,0.0151769836
712205300013443,0,59308.2241088,16.1609879,0.0154158184
712205300013443,0,59308.2259838,16.1263466,0.0153012266
712205300013443,0,59310.3072569,16.1560364,0.0153991226
712205300013443,0,59310.3081944,16.1160908,0.0152682876
712205300013443,0,59312.2876505,16.118639,0.015276432
712205300013443,0,59314.2772338,16.0293083,0.0150069324
712205300013443,0,59316.2873727,16.1210747,0.0152842412
712205300013443,0,59319.216875,16.0186081,0.0149767883
712205300013443,0,59322.2381366,16.1173439,0.0152722877
712205300013443,0,59324.2150347,16.1304893,0.0153146563
712205300013443,0,59328.2350579,16.0806503,0.0151578523
712205300013443,0,59329.2400579,16.1975002,0.0155423088
712205300013443,0,59334.2827315,16.1238213,0.0152930757
712205300013443,0,59335.1954977,16.1618538,0.015418753
712205300013443,0,59336.2994676,16.1024704,0.015225227
712205300013443,0,59336.3067593,16.1428452,0.0153551567
712205300013443,0,59338.2181829,16.1017857,0.015223084
712205300013443,0,59338.2191204,16.1234093,0.0152917467
712205300013443,0,59339.2613657,16.0783005,0.0151507128
712205300013443,0,59340.2595139,16.0950909,0.0152022224
712205300013443,0,59340.2604514,16.1557846,0.0153982788
712205300013443,0,59341.1966898,16.1527672,0.0153881526
712205300013443,0,59342.2835532,16.1557083,0.0153980209
712205300013443,0,59343.1952894,16.0473442,0.0150587503
712205300013443,0,59343.1962269,16.0821514,0.015162427
712205300013443,0,59344.2179977,16.2108803,0.0155901676
712205300013443,0,59346.1970718,16.1857414,0.0155009227
712205300013443,0,59346.1980093,16.1618938,0.0154188853
712205300013443,0,59348.20625,16.0374126,0.0150300581
712205300013443,0,59350.2337153,16.0891609,0.0151839023
712205300013443,0,59353.1800463,16.2136326,0.0156001141
712205300013443,0,59355.2185069,16.1463356,0.0153667154
712205300013443,0,59355.2194444,16.1474895,0.0153705487
712205300013443,0,59356.2410301,16.1165962,0.0152699007
712205300013443,0,59358.2260185,16.1501656,0.0153794624
712205300013443,0,59359.2010995,16.1954613,0.015535091
712205300013443,0,59361.1993056,16.100872,0.0152202286
712205300013443,0,59361.2049653,16.1350861,0.0153296469
712205300013443,0,59363.1946412,16.0718956,0.0151313683
712205300013443,0,59363.2025231,16.1299667,0.0153129613
712205300013443,0,59366.2044444,16.1494331,0.0153770223
712205300013443,0,59367.2044907,16.0680733,0.0151199047
712205300013443,0,59396.1824884,16.1372261,0.0153366597
712205300013443,0,59396.1834375,16.1661606,0.0154333822
712205300013443,0,59396.184375,16.1151581,0.0152653167
712205300013443,0,59396.1853125,16.139782,0.0153450575
712205300013443,0,59396.18625,16.120739,0.0152831608
712205300013443,0,59397.1824653,16.1160755,0.0152682383
712205300013443,0,59397.1834028,16.1657066,0.0154318344
712205300013443,0,59397.1843519,16.0810318,0.0151590137
712205300013443,0,59397.1852894,16.0473022,0.0150586301
712205300013443,0,59397.1862269,16.14571,0.0153646395
712205300013443,32768,59399.182419,16.2352486,0.0156794488
712205300013443,32768,59399.1833565,16.2685814,0.0158060919
712205300013443,32768,59399.1861806,16.0974407,0.0152095221
712205300013443,0,59400.1822801,16.1232071,0.0152910976
712205300013443,0,59400.1832176,16.1411018,0.015349404
712205300013443,32768,59400.1841667,16.1672516,0.0154370992
712205300013443,0,59400.1851042,16.1196175,0.0152795622
712205300013443,0,59400.1860532,16.1862545,0.0155027201
712205300013443,0,59401.1821296,16.1682129,0.0154403774
712205300013443,0,59401.1830671,16.1620541,0.015419431
712205300013443,0,59401.1840162,16.2014427,0.0155563252
712205300013443,0,59401.1849537,16.1682892,0.0154406391
712205300013443,0,59401.1858912,16.1540031,0.0153922942
712205300013443,0,59405.1705903,16.27705,0.0158391166
712205300013443,0,59405.1729514,16.1959362,0.0155367684
712205300013443,0,59405.1753241,16.1901302,0.0155162998
712205300013443,0,59405.1776852,16.2678852,0.0158033911
712205300013443,0,59405.1795833,16.1918983,0.0155225173
712205300013443,0,59406.169838,16.1777897,0.0154732894
712205300013443,0,59406.1721991,16.2087708,0.0155825708
712205300013443,0,59406.1745718,16.216053,0.0156088872
712205300013443,0,59406.1769329,16.2061825,0.0155732688
712205300013443,0,59406.1793056,16.2021599,0.0155588845
712205300013443,0,59407.169537,16.1711349,0.0154503752
712205300013443,0,59407.1718981,16.144619,0.0153610231
712205300013443,0,59407.1742593,16.2227135,0.0156331789
712205300013443,0,59407.1766319,16.1904602,0.0155174602
712205300013443,0,59407.1790046,16.2203751,0.0156246284
712205300013443,0,59408.1691782,16.0979195,0.015211015
712205300013443,0,59408.1715509,16.0691814,0.0151232257
712205300013443,0,59408.173912,16.1128006,0.0152578158
712205300013443,0,59408.1762731,16.0943165,0.0151998186
712205300013443,0,59408.1786458,16.1075249,0.0152411144
712205300013443,0,59409.1688194,16.1975822,0.0155426012
712205300013443,0,59409.1711921,16.2226105,0.0156327989
712205300013443,0,59409.1735532,16.1720657,0.0154535705
712205300013443,0,59409.1759144,16.2128639,0.0155973323
712205300013443,0,59409.1782986,16.1464119,0.0153669696
712205300013443,0,59410.1684491,16.0909233,0.0151893282
712205300013443,0,59410.1708102,16.1713142,0.0154509917
712205300013443,0,59410.1731829,16.2004128,0.0155526567
712205300013443,0,59410.1755556,16.167057,0.015436436
712205300013443,0,59410.1779167,16.1858673,0.0155013651
712205300013443,0,59411.1685185,16.2100143,0.0155870458
712205300013443,0,59411.1708796,16.1668701,0.015435799
712205300013443,0,59411.1732407,16.1852913,0.0154993534
712205300013443,0,59411.1756019,16.1917095,0.0155218542
712205300013443,0,59411.177963,16.1889915,0.0155123044
712205300013443,0,59412.1681134,16.4816513,0.0167496987
712205300013443,0,59412.1704745,16.2402115,0.0156979691
712205300013443,0,59412.1728356,16.1819878,0.0154878404
712205300013443,0,59412.1751968,16.1965103,0.0155388033
712205300013443,0,59412.1775694,16.131813,0.0153189674
712205300013443,0,59415.1677546,16.2333565,0.0156724174
712205300013443,0,59415.1701273,16.1945,0.0155316889
712205300013443,0,59415.1724884,16.2353096,0.0156796742
712205300013443,0,59415.1748495,16.2164745,0.0156104211
712205300013443,32768,59416.1672454,16.7005234,0.0179966036
712205300013443,32768,59416.1696181,16.0397835,0.0150368726
712205300013443,32768,59416.1719907,16.9665737,0.0199777801
712205300013443,32768,59417.1643981,16.2550659,0.0157541055
712205300013443,32768,59417.1667593,16.2616768,0.0157794226
712205300013443,0,59417.1691204,16.3001175,0.0159308594
712205300013443,32768,59417.1714815,16.2801056,0.0158511233
712205300013443,32768,59417.1738542,16.2696381,0.0158101972
712205300013443,0,59483.5123148,16.1694908,0.0154447453
712205300013443,0,59483.5172338,16.1469536,0.0153687699
712205300013443,0,59484.513912,16.2254677,0.01564328
712205300013443,0,59484.5163542,16.1383648,0.0153403962
712205300013443,0,59484.5188079,16.138401,0.0153405135
712205300013443,0,59484.5212616,16.2316704,0.0156661607
712205300013443,0,59484.5237037,16.1990566,0.0155478371
712205300013443,32768,59485.5099653,16.0903797,0.0151876528
712205300013443,32768,59485.5125116,16.1096935,0.0152479699
712205300013443,32768,59485.5150463,16.1642017,0.0154267149
712205300013443,32768,59485.517581,16.1227741,0.0152897006
712205300013443,32768,59485.5201273,16.1500168,0.0153789651
712205300013443,0,59487.5087037,16.0039597,0.0149362413
712205300013443,32768,59487.51125,15.9471521,0.0147866327
712205300013443,0,59487.5137847,15.9035969,0.0146798799
712205300013443,32768,59487.5163194,16.0264149,0.0149987331
712205300013443,0,59487.5188657,16.0131569,0.0149616012
712205300013443,0,59488.5084259,16.1538849,0.0153918983
712205300013443,0,59488.5109028,16.1135654,0.0152602484
712205300013443,0,59488.5133912,16.1803894,0.0154822944
712205300013443,0,59488.5158796,16.1217232,0.0152863236
712205300013443,0,59488.5183681,16.1238766,0.0152932508
712205300013443,0,59509.4749537,16.197998,0.0155440783
712205300013443,0,59517.5480093,16.0446434,0.0150509123
712205300013443,0,59521.4710648,16.1478939,0.0153718935
712205300013443,0,59523.5170139,16.1442986,0.0153599633
712205300013443,0,59523.517963,16.0993004,0.0152153177
712205300013443,0,59524.4725579,16.1460762,0.0153658586
712205300013443,0,59525.5184491,16.1497002,0.0153779117
712205300013443,0,59529.4130903,16.0320015,0.0150145879
712205300013443,0,59530.4732407,15.6622534,0.0142014204
712205300013443,0,59531.4485532,16.1030388,0.0152270095
712205300013443,0,59532.4474769,16.0919914,0.0151926279
712205300013443,0,59536.493912,16.1015472,0.015222338
712205300013443,32768,59537.5060185,16.2865715,0.0158766713
712205300013443,0,59540.5189005,16.1570663,0.0154025862
712205300013443,0,59550.3456944,16.237072,0.0156862363
712205300013443,0,59550.4062847,16.1908569,0.0155188497
712205300013443,0,59550.5090625,16.0105419,0.0149543555
712205300013443,0,59600.2978588,16.1718998,0.0154530006
712205300013443,0,59600.3652778,16.1930809,0.0155266831
712205300013443,0,59621.4584606,16.179966,0.015480822
712205300013443,0,59622.3725694,16.1465836,0.0153675387
712205300013443,0,59622.4468403,16.0911217,0.0151899392
712205300013443,0,59622.4478009,16.0887394,0.0151826032
712205300013443,0,59623.2686921,16.121067,0.0152842142
712205300013443,0,59623.3612731,16.1707726,0.0154491328
712205300013443,0,59624.3489352,16.0827637,0.0151642924
712205300013443,0,59624.4147801,16.1630116,0.0154226758
712205300013443,0,59627.5202546,15.8543139,0.014567052
712205300013443,32768,59627.52125,15.8345957,0.0145241953
712205300013443,0,59629.3474653,16.1422081,0.0153530538
712205300013443,0,59629.5135069,16.0990486,0.0152145335
712205300013443,32768,59630.1761921,16.2030621,0.0155621059
712205300013443,0,59636.4112037,16.126545,0.015301872
712205300013443,32768,59637.3316435,16.1206017,0.0152827222
712205300013443,0,59638.3848032,16.0969124,0.0152078802
712205300013443,0,59638.467662,16.1006813,0.0152196316
712205300013443,0,59639.150463,16.0840225,0.0151681369
712205300013443,0,59639.2349769,16.094677,0.01520094
712205300013443,0,59640.2687153,16.0902367,0.0151872104
712205300013443,0,59640.3837037,16.090023,0.0151865557
712205300013443,0,59640.4023264,16.144413,0.0153603395
712205300013443,0,59641.2396412,16.0662212,0.0151143698
712205300013443,0,59641.3067708,16.0671043,0.0151170064
712205300013443,0,59671.3312384,16.106432,0.015237675
712205300013443,0,59674.3097106,16.1518898,0.015385217
712205300013443,0,59676.3447338,15.9086695,0.0146919675
712205300013443,0,59678.2394329,16.0820885,0.0151622342
712205300013443,0,59680.2264583,16.0672226,0.0151173593
712205300013443,0,59683.3643287,16.072464,0.0151330782
712205300013443,0,59685.2452778,16.1920357,0.0155229988
712205300013443,0,59688.3386458,16.136261,0.0153334932
712205300013443,0,59690.2360301,16.1303024,0.0153140547
712205300013443,0,59694.180162,16.1507034,0.0153812552
712205300013443,0,59696.2446065,16.0402107,0.0150381001
712205300013443,0,59699.1737847,16.0930748,0.0151959779
712205300013443,0,59701.2249653,16.1191044,0.0152779203
712205300013443,0,59708.2021296,15.936429,0.014759725
712205300013443,0,59708.2268056,16.0313721,0.015012796
712205300013443,0,59710.2244213,16.115654,0.0152668972
712205300013443,0,59712.2011806,16.0831623,0.0151655125
712205300013443,0,59714.1971991,16.0225792,0.0149879241
712205300013443,0,59719.1843056,16.0833855,0.0151661923
712205300013443,0,59719.2182639,16.1141663,0.0152621595
712205300013443,0,59725.2237384,16.0956116,0.0152038401
712205300013443,0,59727.2228588,16.0436592,0.0150480606
712205300013443,0,59848.5118866,16.1069641,0.0152393505
712205300013443,0,59848.5143403,16.0690575,0.0151228532
712205300013443,0,59848.5168056,16.0721626,0.0151321711
712205300013443,0,59848.5192708,16.094574,0.0152006168
712205300013443,0,59849.5078472,16.0840168,0.0151681192
712205300013443,0,59849.5102894,16.1003876,0.0152187115
712205300013443,0,59849.5127315,16.0469685,0.0150576578
712205300013443,0,59849.5151736,16.0291214,0.0150064006
712205300013443,0,59849.5176273,16.0819244,0.0151617331
712205300013443,0,59850.5080556,16.1384773,0.0153407659
712205300013443,0,59850.5106134,16.0876369,0.0151792131
712205300013443,32768,59850.5131481,16.1361637,0.0153331738
712205300013443,32768,59850.5156944,17.0266113,0.020507507
712205300013443,0,59850.5182755,16.0997505,0.015216724
712205300013443,0,59851.5098032,16.0828514,0.0151645625
712205300013443,0,59851.5123495,16.0681915,0.0151202576
712205300013443,0,59851.5148958,16.0886803,0.0151824187
712205300013443,0,59851.5174421,16.0194817,0.0149792284
712205300013443,0,59851.5199769,16.0109024,0.0149553567
712205300013443,0,59852.5078356,16.0584583,0.0150913242
712205300013443,0,59852.5103819,16.0972252,0.0152088515
712205300013443,0,59852.5129167,16.0872726,0.0151780965
712205300013443,0,59852.515463,16.0768204,0.0151462322
712205300013443,0,59852.5179977,16.0683899,0.0151208555
712205300013443,0,59853.5101273,16.0406704,0.0150394281
712205300013443,0,59853.5126042,16.0889854,0.0151833566
712205300013443,0,59853.5150926,16.1065826,0.0152381482
712205300013443,0,59853.517581,16.0886993,0.0151824774
712205300013443,0,59853.5200694,16.1380558,0.0153393839
712205300013443,32768,59854.5117824,16.0757217,0.0151429065
712205300013443,0,59854.5161574,16.0825768,0.0151637197
712205300013443,0,59854.520544,16.067791,0.015119059
712205300013443,0,59854.5249306,16.0831985,0.0151656214
712205300013443,0,59854.5293171,16.0468521,0.0150573179
712205300013443,0,59864.4872569,16.0696335,0.015124578
712205300013443,0,59866.5033796,16.1067467,0.015238666
712205300013443,0,59870.4856366,16.0380478,0.0150318816
712205300013443,0,59872.4460185,16.0685787,0.0151214171
712205300013443,0,59874.5151389,16.1483345,0.0153733613
712205300013443,0,59878.4952083,16.1156998,0.0152670424
712205300013443,0,59880.4940394,16.0198669,0.0149803106
712205300013443,0,59882.4968056,16.0187817,0.0149772717
712205300013443,32768,59887.473912,16.0669937,0.0151166748
712205300013443,0,59889.4811921,16.1257286,0.0152992317
712205300013443,32768,59897.3836921,15.8978004,0.0146661792
712205300013443,32768,59899.455,15.6294451,0.0141498148
712205300013443,0,59901.5307292,16.0837154,0.0151672009
712205300013443,0,59903.4788773,16.1009312,0.0152204111
712205300013443,32768,59905.4489699,16.1845169,0.0154966488
712205300013443,0,59914.5072106,15.8508129,0.01455935
712205300013443,0,59923.4523032,16.0923958,0.0151938749
712205300013443,0,59930.5210532,16.0516415,0.0150712878
712205300013443,32768,59933.4761921,16.083889,0.015167729
712205300013443,0,59935.4243981,16.0132618,0.0149618918
712205300013443,0,59937.4315509,15.965436,0.0148334801
712205300013443,0,59956.491412,16.0990715,0.0152146025
712205300013443,0,59965.3425116,15.6834497,0.0142363543
712205300013443,0,59968.3652431,16.0997143,0.0152166085
712205300013443,0,59971.3424653,16.1218262,0.0152866524
712205300013443,0,59977.2996991,16.0810986,0.0151592167
712205300013443,0,59979.4219213,16.1415253,0.0153508
712205300013443,0,59983.3678935,16.0211411,0.0149838813
712205300013443,0,59985.2786921,16.1061211,0.0152366953
712205300013443,32768,59992.3111227,16.1164169,0.0152693307
712205300013443,0,59994.2803009,16.1747475,0.0154627915
712205300013443,0,60021.2344444,16.0810013,0.0151589224
712205300013443,0,60031.3210532,16.040863,0.0150399804
712205300013443,0,60036.2603241,16.0429897,0.0150461206
712205300013443,0,60043.202581,16.0170364,0.0149723962
712205300013443,0,60045.2762153,16.0259953,0.0149975475
712205300013443,0,60049.2162269,15.925477,0.0147326672
712205300013443,0,60051.288669,15.9443922,0.0147796683
712205300013443,0,60053.2387153,16.038475,0.0150331073
712205300013443,0,60055.2166319,16.097702,0.0152103361
712205300013443,0,60057.1619907,15.7974129,0.0144468294
712205300013443,0,60059.2125,16.0365715,0.0150276413
712205300013443,0,60061.1983102,16.0332928,0.0150182685
712205300013443,0,60063.2355324,16.1188068,0.0152769657
712205300013443,0,60065.2222685,16.0563202,0.015085022
712205300013443,0,60073.1958565,15.9755039,0.0148597974
712205300013443,0,60077.2189468,16.0685577,0.0151213529
712205300013443,0,60079.3037384,16.0412197,0.0150410123
712205300013443,0,60081.2372917,15.9870949,0.0148905655
712205300013443,0,60083.1829861,16.0194645,0.0149791818
712205300013443,0,60085.1840625,15.9413719,0.0147720743
712205300013443,0,60092.2696644,16.074749,0.0151399672
712205300013443,0,60097.196331,16.0499554,0.015066362
712205300013443,0,60099.2431019,16.1190605,0.0152777787
712205300013443,0,60113.2427083,16.0374947,0.0150302937
712205300013443,0,60115.2261227,16.0403938,0.01503863
712205300025457,0,58217.2060417,19.2894325,0.0892637819
712205300025457,0,58217.2290509,19.3068771,0.0904093608
712205300025457,0,58218.2632639,18.920208,0.0679772422
712205300025457,0,58245.185625,19.2176304,0.0846844986
712205300025457,0,58280.1860764,18.9380455,0.0688802823
712205300025457,0,58438.5342824,19.1482983,0.0804683417
712205300025457,0,58438.5352083,19.3186932,0.0911926478
712205300025457,0,58464.5360995,19.1037216,0.0778627917
712205300025457,0,58464.5370139,19.2105103,0.0842422321
712205300025457,0,58486.4598032,19.0929642,0.0772462115
712205300025457,0,58493.5181366,19.4432297,0.0998096392
712205300025457,0,58494.4437384,18.807045,0.0625258312
712205300025457,0,58494.4460648,19.1273766,0.0792353153
712205300025457,0,58572.2263889,19.3247356,0.0915954411
712205300025457,0,58608.2200694,19.3322639,0.0920995995
712205300025457,0,58637.1749421,19.1324635,0.0795334503
712205300025457,0,58846.4670949,19.22505,0.0851476043
712205300025457,0,58851.4695023,19.1535797,0.0807824358
712205300025457,0,58852.4534954,19.1013947,0.0777290165
712205300025457,0,58855.5340162,18.9786873,0.0709835738
712205300025457,0,58866.3667014,19.0548515,0.0750995278
712205300025457,0,58877.3438426,18.8515625,0.0646139234
712205300025457,0,58877.3447685,18.7492771,0.0599223077
712205300025457,0,58880.3437847,18.9621735,0.0701212287
712205300025457,0,58881.3663889,19.1801872,0.0823826045
712205300025457,0,58893.2791782,19.2064362,0.0839901865
712205300025457,0,58893.3271296,19.417757,0.0979934633
712205300025457,0,58894.2796181,19.2024441,0.083743833
712205300025457,0,58896.2963194,19.1037426,0.0778640285
712205300025457,0,58898.3497454,19.3143692,0.090905264
712205300025457,0,58903.2221412,19.5041466,0.104263946
712205300025457,0,58912.4041319,19.1945724,0.0832600668
712205300025457,0,58912.4134491,18.9599533,0.0700061321
712205300025457,0,58968.1730093,19.7427578,0.123154081
712205300025457,0,58971.1767824,19.4430904,0.0997997075
712205300025457,0,58971.1777315,19.5462418,0.107432403
712205300025457,0,58985.2128819,19.1249352,0.0790925995
712205300025457,0,58992.224838,19.2494659,0.0866879895
712205300025457,0,59014.2230903,19.2636642,0.0875952765
712205300025457,0,59024.2249653,19.3996716,0.0967207104
712205300025457,0,59032.1785995,19.0451393,0.0745618567
712205300025457,0,59036.1768287,18.8644562,0.0652322471
712205300025457,0,59121.5172801,19.2567368,0.0871515423
712205300025457,0,59121.5267593,19.4545269,0.100623928
712205300025457,0,59223.4498958,18.824419,0.0633321628
712205300025457,0,59268.321412,19.3382912,0.0925049186
712205300025457,0,59276.308044,19.1464615,0.0803593472
712205300025457,0,59276.4023495,19.2823639,0.0888032466
712205300025457,0,59278.4274769,18.8759499,0.0657886416
712205300025457,0,59292.3411574,19.1734314,0.0819735304
712205300025457,0,59306.2475926,19.1126938,0.0783807039
712205300025457,0,59314.2772338,19.1196327,0.0787834823
712205300025457,0,59340.2595139,19.3716297,0.0947747976
712205300025457,0,59346.1980093,19.4075565,0.0972739607
712205300025457,0,59400.1851042,18.864048,0.0652125999
712205300025457,0,59550.4062847,19.3836765,0.0956066996
712205300025457,0,59640.2687153,19.1706238,0.0818040967
712205300025457,0,59674.3097106,19.3095016,0.0905827805
712205300025457,0,59701.2249653,18.911541,0.067542851
712205300025457,0,59719.1843056,18.9487915,0.0694302469
712205300025457,0,59851.5148958,19.2942772,0.0895806178
712205300025457,0,59853.5126042,19.1775398,0.0822221339
712205300025457,0,59889.4811921,19.3130741,0.0908193886
712205300025457,0,59903.4788773,19.1684418,0.0816726685
712205300025457,0,59994.2803009,19.0973225,0.0774954408
712205300025457,0,60031.3210532,19.1430321,0.0801562369
712205300025457,0,60051.288669,19.0563126,0.0751807615
712205300029686,0,58218.2289352,19.459753,0.101002425
712205300029686,0,58224.1856713,19.4905186,0.103253938
712205300029686,0,58231.1777662,19.2703667,0.0880265161
712205300029686,0,58245.185625,19.1926193,0.0831403881
712205300029686,0,58281.198669,19.3099232,0.0906106979
712205300029686,0,58443.4678125,19.9252472,0.138938278
712205300029686,0,58493.5181366,19.5081406,0.10456147
712205300029686,0,58494.4460648,19.4332581,0.0990954638
712205300029686,0,58572.2263889,19.4059677,0.0971622616
712205300029686,0,58599.1631597,19.2496109,0.0866971537
712205300029686,0,58833.4524074,18.8215008,0.0631959513
712205300029686,0,58846.4680208,19.4614601,0.101126313
712205300029686,0,58849.4409028,19.1329098,0.0795596242
712205300029686,0,58849.4418403,19.5757828,0.109699368
712205300029686,0,58852.4446759,19.5708694,0.109319821
712205300029686,0,58871.3277894,18.7652473,0.0606302768
712205300029686,0,58893.2791782,19.7205048,0.121301077
712205300029686,0,58894.2796181,19.4732838,0.101987809
712205300029686,0,58895.2898727,19.2599792,0.0873589814
712205300029686,0,58896.2963194,19.2748127,0.0883136913
712205300029686,0,58903.2230787,19.3826904,0.0955383033
712205300029686,0,58906.2379398,18.8694477,0.0654732585
712205300029686,0,58940.2213079,19.0211296,0.0732488111
712205300029686,0,58941.2221528,19.3274479,0.0917768329
712205300029686,0,58962.264294,19.4568233,0.100790158
712205300029686,0,58974.2257986,19.6191711,0.113092646
712205300029686,0,58986.2359838,19.6617527,0.116494708
712205300029686,0,59014.2230903,19.5987644,0.111487292
712205300029686,0,59038.1711111,19.3292522,0.0918975994
712205300029686,0,59042.1770602,19.6359425,0.114424244
712205300029686,0,59044.1767014,19.0653954,0.07568755
712205300029686,0,59048.1712153,19.424036,0.0984386653
712205300029686,0,59142.5308796,19.7976189,0.127794459
712205300029686,0,59170.5308681,19.3650112,0.0943203866
712205300029686,0,59179.5200231,19.1139851,0.0784554929
712205300029686,0,59198.4726273,19.1133423,0.0784182623
712205300029686,0,59231.370706,19.3554382,0.0936664864
712205300029686,0,59248.3962847,19.5000534,0.103959836
712205300029686,0,59258.3459028,19.3792,0.0952967852
712205300029686,0,59264.3647338,19.4680576,0.101606309
712205300029686,0,59265.3000463,19.204258,0.083855629
712205300029686,0,59281.2144097,18.7201252,0.0586528555
712205300029686,0,59307.2246528,19.5331078,0.106436029
712205300029686,0,59346.1980093,19.2622604,0.0875051618
712205300029686,0,59367.2044907,19.831192,0.130681708
712205300029686,0,59408.1786458,19.6038437,0.111885332
712205300029686,0,59550.4062847,19.4983044,0.103830002
712205300029686,0,59550.5090625,19.2856598,0.0890177116
712205300029686,0,59621.4584606,19.3574448,0.093803212
712205300029686,0,59725.2237384,19.3388405,0.0925418735
712205300029686,0,59848.5168056,19.1491108,0.0805166215
712205300029686,0,59848.5192708,19.1206474,0.0788425356
712205300029686,0,60045.2762153,19.6512165,0.115646355
712205300029686,0,60049.2162269,19.4673958,0.101558022
712205300029686,0,60053.2387153,19.0536156,0.0750308782
712205300029686,0,60057.1619907,19.7949619,0.127567455
712205300032263,0,58218.234213,19.8070011,0.128597811
712205300032263,0,58222.2555208,19.6370926,0.114515878
712205300032263,32768,58249.1642477,19.2258625,0.0851984844
712205300032263,0,58278.2413542,19.625843,0.113621064
712205300032263,0,58450.5253241,19.774437,0.125821427
712205300032263,0,58455.4757407,19.3614235,0.094074823
712205300032263,0,58465.5002083,19.60532,0.112001278
712205300032263,0,58586.1952894,20.0060234,0.146186054
712205300032263,0,58866.3667014,19.7637978,0.124921814
712205300032263,0,58874.3037963,19.778141,0.126135498
712205300032263,0,58876.3266667,19.9054565,0.13718237
712205300032263,0,58884.4912384,18.7995415,0.0621809661
712205300032263,0,58894.2786806,19.9505386,0.141194597
712205300032263,0,58895.2898727,19.7666206,0.125160143
712205300032263,0,58898.3488194,19.8592625,0.133121312
712205300032263,0,58913.2379282,19.9237213,0.138802558
712205300032263,0,58987.1710301,20.238781,0.167293608
712205300032263,0,58995.2256366,19.8929882,0.136080921
712205300032263,0,59177.4987963,19.8736515,0.134380341
712205300032263,0,59265.2592245,19.8352318,0.131031424
712205300032263,0,59265.3000463,19.8570328,0.132926762
712205300032263,0,59270.3621065,19.4913197,0.103313096
712205300032263,0,59273.2173611,19.1710968,0.0818326399
712205300032263,0,59301.3177199,19.5288601,0.106115207
712205300032263,0,59307.2246528,19.8832893,0.135226771
712205300032263,0,59312.2876505,19.5181065,0.105306618
712205300032263,0,59322.2381366,19.9437504,0.140587747
712205300032263,0,59396.1824884,19.4976196,0.103779271
712205300032263,0,59400.1832176,19.3285637,0.0918515325
712205300032263,0,59401.1830671,19.6675682,0.116964698
712205300032263,0,59487.5087037,18.8303032,0.06360773
712205300032263,0,59641.3067708,20.1460762,0.158917487
712205300032263,0,59690.2360301,19.8257236,0.130209118
712205300032263,0,59850.5106134,19.7146435,0.120815881
712205300032263,0,59852.5129167,19.6860886,0.118470065
712205300032263,0,59937.4315509,19.0902519,0.0770915151
712205300032263,0,60061.1983102,19.8563671,0.132868648
712205300033494,32768,58214.2052546,18.02285,0.0358917266
712205300033494,32768,58214.2062384,17.9443245,0.034090545
712205300033494,0,58217.2060417,18.2294483,0.0412813611
712205300033494,0,58217.2071296,17.9806976,0.0349089615
712205300033494,0,58217.2281366,17.928112,0.0337343775
712205300033494,0,58217.2290509,17.8771477,0.032648474
712205300033494,0,58218.2289352,18.0022316,0.0354063474
712205300033494,0,58218.234213,17.9931488,0.0351953506
712205300033494,0,58218.2632639,18.1265144,0.0384727493
712205300033494,0,58219.2100694,17.8026485,0.0311498046
712205300033494,0,58219.2470718,17.7098541,0.0294222478
712205300033494,0,58219.2579282,17.6505795,0.0283947345
712205300033494,0,58222.2555208,17.8162651,0.0314160958
712205300033494,0,58223.1899421,17.9984703,0.0353187472
712205300033494,0,58224.1847569,18.0727386,0.0371040143
712205300033494,0,58224.1856713,18.0591373,0.0367681272
712205300033494,0,58226.256169,18.0547009,0.036659427
712205300033494,0,58227.2533796,18.0003204,0.0353617892
712205300033494,0,58227.2544097,17.9166183,0.0334850326
712205300033494,0,58229.1929398,18.0845795,0.0373997912
712205300033494,0,58231.1777662,18.0828514,0.0373564214
712205300033494,0,58244.1873843,18.1219387,0.0383537002
712205300033494,0,58245.185625,18.0699768,0.037035469
712205300033494,0,58247.2247106,18.045063,0.0364248008
712205300033494,0,58248.1666435,17.9087448,0.0333157331
712205300033494,0,58257.2257523,17.975296,0.0347856879
712205300033494,0,58257.2267014,18.0293846,0.0360474288
712205300033494,0,58260.1853356,17.9613361,0.0344699435
712205300033494,0,58262.1872569,17.9476128,0.0341634154
712205300033494,0,58263.2099653,17.8598728,0.032291729
712205300033494,0,58266.2378935,18.2765999,0.0426549241
712205300033494,0,58266.2397106,18.1586533,0.0393224917
712205300033494,0,58277.2379167,18.1682014,0.0395796075
712205300033494,0,58278.2413542,17.9303246,0.0337826759
712205300033494,0,58280.1860764,17.7775536,0.0306677874
712205300033494,0,58280.1869907,17.7095699,0.0294171702
712205300033494,0,58281.198669,17.9765816,0.0348149873
712205300033494,0,58284.1748148,18.0928402,0.0376080088
712205300033494,0,58284.1800347,17.9909115,0.0351436734
712205300033494,0,58288.2457407,17.9912205,0.0351507999
712205300033494,0,58294.2339583,18.1406898,0.0388445556
712205300033494,0,58423.5303125,17.7396164,0.0299601257
712205300033494,0,58423.541412,17.933094,0.0338432603
712205300033494,0,58425.4869097,17.427681,0.0250105932
712205300033494,0,58426.5244213,17.9502411,0.0342218354
712205300033494,0,58428.5046181,17.2843018,0.0231901631
712205300033494,0,58429.5348611,17.6196823,0.0278815236
712205300033494,0,58430.4920023,18.1831226,0.0399858057
712205300033494,0,58431.5278241,17.3576355,0.0240891688
712205300033494,0,58432.5332639,18.0151386,0.0357091278
712205300033494,0,58432.5342014,17.735754,0.0298894718
712205300033494,0,58437.5329282,17.9676476,0.0346121974
712205300033494,0,58438.5342824,17.9906883,0.0351384953
712205300033494,0,58438.5352083,18.0549889,0.0366664827
712205300033494,0,58440.5362963,18.2839279,0.0428735241
712205300033494,0,58441.5260185,17.876255,0.032629896
712205300033494,0,58441.526956,17.8961449,0.0330473408
712205300033494,0,58443.4678125,17.9336205,0.0338547826
712205300033494,0,58447.4652431,17.951992,0.0342608318
712205300033494,0,58447.5352199,17.6530323,0.0284361336
712205300033494,0,58447.5361458,17.6150379,0.0278056692
712205300033494,0,58448.486331,17.9403267,0.0340022221
712205300033494,0,58448.5332292,18.0673275,0.0369698927
712205300033494,0,58449.5289931,18.1172523,0.0382323004
712205300033494,0,58450.5264236,18.0738182,0.0371308662
712205300033494,0,58455.4757407,17.8847198,0.0328066237
712205300033494,0,58455.4766782,18.0357647,0.0362003557
712205300033494,32768,58455.5229398,17.7937851,0.0309782755
712205300033494,32768,58455.5238773,17.8504257,0.0320990495
712205300033494,0,58461.5313079,18.0600471,0.0367904641
712205300033494,0,58461.5326968,18.0979118,0.0377365872
712205300033494,0,58464.5360995,18.0960007,0.0376880653
712205300033494,0,58464.5370139,17.9788361,0.0348664075
712205300033494,0,58465.5002083,17.9327431,0.0338355564
712205300033494,0,58468.5068634,17.915741,0.0334661081
712205300033494,32768,58469.4795602,17.7394562,0.0299571976
712205300033494,0,58471.5349421,17.9635925,0.0345207192
712205300033494,0,58471.5358565,17.9220009,0.0336014666
712205300033494,0,58472.5471181,17.9828587,0.0349584185
712205300033494,0,58480.4494213,17.5459442,0.0267159324
712205300033494,0,58486.4598032,17.844429,0.0319775864
712205300033494,0,58486.4616319,17.8501549,0.0320935287
712205300033494,0,58487.4337963,17.8767319,0.0326398127
712205300033494,0,58491.5330787,17.7819748,0.0307518989
712205300033494,0,58491.5349421,18.0445976,0.0364135355
712205300033494,0,58492.4913657,18.0266876,0.0359830596
712205300033494,0,58493.5181366,18.0365124,0.0362183265
712205300033494,0,58494.4437384,17.9454155,0.0341146961
712205300033494,0,58494.4460648,17.7899017,0.0309035573
712205300033494,0,58502.5158218,17.9377575,0.0339456424
712205300033494,0,58502.5172222,17.911335,0.0333712958
712205300033494,0,58506.431875,17.4022999,0.0246693883
712205300033494,0,58508.468125,17.6527786,0.0284318458
712205300033494,0,58508.4699769,17.768364,0.0304940622
712205300033494,0,58567.2449537,18.0656452,0.0369283333
712205300033494,32768,58575.2249884,18.4665318,0.0487882979
712205300033494,0,58583.261956,17.7794037,0.0307029411
712205300033494,0,58586.1952894,18.0381927,0.0362587869
712205300033494,0,58592.2420255,18.1655617,0.0395083167
712205300033494,0,58608.2200694,18.2027149,0.0405273028
712205300033494,0,58612.1990509,17.9983368,0.035315644
712205300033494,0,58617.245625,18.2103157,0.0407398976
712205300033494,0,58632.180162,17.9357243,0.0339009352
712205300033494,0,58633.1726968,18.2115231,0.0407738052
712205300033494,0,58634.1748148,18.0291519,0.0360418744
712205300033494,0,58634.1818287,18.0291729,0.0360423885
712205300033494,0,58637.1749421,17.9610329,0.0344631411
712205300033494,0,58640.2237616,18.0321045,0.0361125246
712205300033494,0,58646.2241088,18.1055813,0.0379321501
712205300033494,0,58649.2194213,18.1078014,0.0379890017
712205300033494,0,58669.1769329,18.018364,0.0357853249
712205300033494,0,58672.1990278,18.0991478,0.0377680175
712205300033494,0,58749.5131597,17.9887257,0.0350932516
712205300033494,0,58751.5145718,17.943718,0.0340771191
712205300033494,0,58751.5243287,18.0031204,0.0354270712
712205300033494,0,58758.5276736,17.682785,0.0289458819
712205300033494,0,58761.5068287,18.0032654,0.0354304649
712205300033494,0,58764.4925926,18.1428089,0.0389005207
712205300033494,0,58785.5139005,18.0680161,0.0369869396
712205300033494,0,58788.533912,18.0091057,0.035567157
712205300033494,0,58791.5135764,18.1281185,0.0385145694
712205300033494,0,58794.5349537,17.94804,0.0341728926
712205300033494,0,58828.4290972,17.9998665,0.0353512429
712205300033494,0,58831.4527199,17.676815,0.0288424473
712205300033494,0,58846.4298264,17.9776268,0.0348388217
712205300033494,0,58846.4670949,17.9253464,0.0336741433
712205300033494,0,58846.4680208,18.1006775,0.0378069542
712205300033494,0,58849.4409028,18.0531826,0.0366223231
712205300033494,0,58849.4418403,17.9601135,0.0344424732
712205300033494,0,58850.4761343,17.6153145,0.0278101768
712205300033494,0,58851.4562153,17.955719,0.0343440212
712205300033494,0,58851.4695023,18.0118446,0.03563153
712205300033494,0,58852.4446759,17.9751492,0.0347823501
712205300033494,0,58852.4534954,18.0506401,0.036560338
712205300033494,0,58853.5469676,18.0068665,0.0355146714
712205300033494,0,58855.5340162,17.818203,0.0314542502
712205300033494,0,58859.456169,18.3498211,0.0449022837
712205300033494,0,58862.3567361,17.9893036,0.035106577
712205300033494,0,58863.3583102,18.1383133,0.0387818813
712205300033494,0,58864.3221528,18.1185074,0.0382647701
712205300033494,0,58866.3667014,17.9651966,0.0345568545
712205300033494,0,58867.3683565,17.771122,0.0305460524
712205300033494,0,58867.3692824,18.0267868,0.0359854214
712205300033494,0,58871.3170718,17.9240608,0.033646185
712205300033494,0,58871.3277894,17.7647514,0.0304261856
712205300033494,0,58873.3031944,18.1482048,0.0390435755
712205300033494,0,58873.3045718,17.9667931,0.0345929116
712205300033494,0,58874.3019329,17.9459171,0.0341258198
712205300033494,0,58874.3028704,18.1144562,0.0381600969
712205300033494,0,58874.3037963,17.9946289,0.0352296233
712205300033494,0,58875.3025579,17.7187004,0.0295805428
712205300033494,0,58875.3034838,17.7259254,0.0297108237
712205300033494,0,58876.3266667,17.9269199,0.0337083973
712205300033494,0,58877.3438426,17.70714,0.0293739345
712205300033494,0,58877.3447685,17.7498016,0.0301476642
712205300033494,0,58877.345706,17.7951355,0.0310043227
712205300033494,0,58878.3203588,17.6348648,0.0281318389
712205300033494,0,58878.3335995,17.5956001,0.0274918023
712205300033494,0,58879.3397222,17.2878437,0.0232321117
712205300033494,0,58880.3197801,17.9291878,0.0337578394
712205300033494,0,58880.3437847,17.8505573,0.0321017131
712205300033494,0,58880.3447106,17.8571167,0.0322353393
712205300033494,0,58881.3663889,17.9234886,0.0336337537
712205300033494,0,58881.3673264,17.9378338,0.0339473151
712205300033494,0,58883.265544,17.3052769,0.0234406851
712205300033494,0,58884.4912384,17.4236717,0.024956122
712205300033494,0,58885.2258796,17.8463192,0.0320158042
712205300033494,0,58886.2988889,18.2704849,0.0424736105
712205300033494,0,58891.3225463,18.012188,0.0356396027
712205300033494,0,58891.3234838,18.2037659,0.0405566245
712205300033494,0,58893.2791782,17.9468002,0.0341453776
712205300033494,0,58893.2801157,18.0551338,0.0366700143
712205300033494,0,58893.3271296,17.9339962,0.0338630378
712205300033494,0,58894.2786806,17.938818,0.0339689627
712205300033494,0,58895.2790278,17.9835033,0.0349732041
712205300033494,0,58895.2898727,18.0021629,0.0354047306
712205300033494,0,58896.2963194,18.0520496,0.0365946889
712205300033494,0,58896.3094792,17.9323673,0.0338273346
712205300033494,0,58898.3488194,18.0976429,0.0377297364
712205300033494,0,58898.3497454,17.9138203,0.0334247313
712205300033494,0,58899.2777662,18.0322437,0.0361158699
712205300033494,0,58899.3441667,17.8795624,0.0326987691
712205300033494,0,58900.2399653,18.3349152,0.0444332249
712205300033494,0,58900.2591204,17.8943939,0.0330102779
712205300033494,0,58903.2221412,17.9844894,0.0349958204
712205300033494,0,58903.2230787,18.0099068,0.0355859622
712205300033494,0,58904.2135532,17.9148293,0.0334464535
712205300033494,0,58905.2449074,17.5789146,0.027226992
712205300033494,0,58906.2370023,17.7193069,0.0295914505
712205300033494,0,58906.2379398,17.940836,0.0340134464
712205300033494,0,58912.4041319,17.8298244,0.0316845961
712205300033494,0,58912.4134491,17.9252224,0.0336714499
712205300033494,0,58913.2379282,18.0760078,0.0371853858
712205300033494,0,58914.3429514,18.1559277,0.0392494649
712205300033494,0,58915.3837153,18.5703125,0.0525788665
712205300033494,0,58915.3846412,18.2864666,0.0429495461
712205300033494,0,58939.1866204,18.2674274,0.0423832946
712205300033494,0,58939.2113194,17.9925079,0.0351805501
712205300033494,0,58939.2188426,18.1288185,0.038532842
712205300033494,0,58941.2221528,17.9536819,0.0342985019
712205300033494,0,58944.3447454,18.2436981,0.0416905209
712205300033494,0,58944.3456597,17.9832935,0.0349683948
712205300033494,0,58954.215706,18.1000252,0.0377903394
712205300033494,0,58954.2166551,17.9106064,0.0333556607
712205300033494,0,58955.2226968,17.9820938,0.0349409133
712205300033494,0,58956.2610069,17.9233627,0.0336310379
712205300033494,0,58962.2563773,18.126379,0.0384692028
712205300033494,0,58962.264294,17.8851547,0.0328157209
712205300033494,0,58964.2471296,18.1532822,0.0391787812
712205300033494,0,58965.1842824,18.2092896,0.0407111123
712205300033494,0,58965.1851852,18.0246506,0.0359345302
712205300033494,32768,58966.1958681,18.3622551,0.0452981479
712205300033494,0,58968.1720718,17.9896202,0.0351138562
712205300033494,0,58968.1730093,17.8052711,0.0312008299
712205300033494,0,58970.2042361,18.1141739,0.03815284
712205300033494,0,58971.1777315,18.072649,0.0371017978
712205300033494,0,58973.1753472,18.0008392,0.0353738926
712205300033494,0,58974.2257986,18.1903534,0.0401845798
712205300033494,0,58974.2267477,18.2803955,0.0427679569
712205300033494,0,58975.1845602,18.0636539,0.036879193
712205300033494,32768,58977.2282755,18.102478,0.0378528349
712205300033494,0,58978.2222454,18.03619,0.0362105817
712205300033494,0,58980.2345139,17.730875,0.0298005827
712205300033494,0,58980.2354514,17.809021,0.0312740132
712205300033494,0,58985.2128819,17.9991837,0.0353353545
712205300033494,0,58986.2359838,17.9500942,0.0342185721
712205300033494,0,58987.1710301,17.8920593,0.0329609551
712205300033494,0,58992.2239005,18.068924,0.0370093957
712205300033494,0,58992.224838,18.0926552,0.0376033038
712205300033494,0,58995.2246991,18.1386471,0.0387906767
712205300033494,0,58995.2256366,18.0795078,0.0372727402
712205300033494,0,58996.2235301,18.1080284,0.0379948057
712205300033494,0,58997.2357986,17.9864197,0.0350401849
712205300033494,0,58998.2449074,18.1095772,0.0380345695
712205300033494,0,58998.2458449,18.196394,0.040351592
712205300033494,0,59011.2415625,17.9709301,0.034686517
712205300033494,0,59014.2230903,17.9830894,0.0349637195
712205300033494,0,59021.2457292,17.6937885,0.0291380677
712205300033494,0,59024.2249653,18.2410278,0.0416134559
712205300033494,0,59027.1754977,18.117363,0.0382351689
712205300033494,0,59032.1735417,18.0283489,0.0360226817
712205300033494,0,59032.1887037,17.8395672,0.0318796225
712205300033494,0,59034.1908449,18.2979488,0.0432955809
712205300033494,0,59036.1719329,17.8257618,0.0316037945
712205300033494,0,59036.1817245,18.0206261,0.0358389243
712205300033494,0,59038.1759838,18.1341152,0.0386715345
712205300033494,0,59038.1808565,18.2826118,0.0428341627
712205300033494,0,59038.1857176,17.9848976,0.0350052081
712205300033494,0,59040.1805556,18.257021,0.0420777127
712205300033494,0,59042.1721412,18.3518105,0.0449653491
712205300033494,0,59042.1770602,18.5678444,0.0524849035
712205300033494,0,59042.1819792,18.3008881,0.0433847308
712205300033494,32768,59042.1868981,17.6988392,0.0292269513
712205300033494,0,59044.1816898,17.865469,0.032406684
712205300033494,0,59044.1866667,17.8987198,0.0331019424
712205300033494,0,59046.1723958,18.1220493,0.0383565798
712205300033494,32768,59048.1662616,18.5495644,0.0517947376
712205300033494,0,59048.1712153,18.2341118,0.0414147116
712205300033494,0,59048.1761574,18.2795219,0.0427419394
712205300033494,0,59048.1810995,18.3163586,0.0438575968
712205300033494,0,59117.5102199,18.0423412,0.0363589115
712205300033494,0,59117.514919,17.9667358,0.0345916189
712205300033494,0,59117.5196296,18.0035973,0.0354382023
712205300033494,0,59117.5243287,17.965601,0.0345660001
712205300033494,32768,59119.5161111,17.9735889,0.0347468629
712205300033494,0,59121.5125463,18.0655613,0.0369262435
712205300033494,0,59121.5220139,17.918766,0.0335314386
712205300033494,0,59121.5314931,18.2164917,0.0409136936
712205300033494,0,59126.5290625,18.2216721,0.0410602093
712205300033494,0,59135.4900231,17.8707619,0.0325159431
712205300033494,0,59137.5094213,18.0794296,0.0372707732
712205300033494,0,59140.5297685,17.8421078,0.0319307558
712205300033494,0,59142.5308796,17.9347229,0.0338789597
712205300033494,0,59144.5375,18.0998497,0.037785884
712205300033494,0,59155.4772801,18.1582413,0.0393114313
712205300033494,0,59157.4918171,17.9465389,0.0341395885
712205300033494,0,59159.4906944,18.1376114,0.0387633964
712205300033494,0,59165.4901852,18.0098553,0.035584759
712205300033494,0,59168.5301157,17.9598999,0.0344376825
712205300033494,0,59170.5308681,18.0762558,0.0371915661
712205300033494,0,59173.513287,18.3776703,0.0457948186
712205300033494,0,59177.4987963,18.1576767,0.0392962843
712205300033494,0,59179.5200231,17.852499,0.03214119
712205300033494,0,59181.4951736,17.9744148,0.0347656421
712205300033494,0,59185.4741319,18.0864639,0.037447162
712205300033494,0,59189.4784491,18.1689034,0.0395986028
712205300033494,0,59193.4101042,17.9370003,0.0339289904
712205300033494,0,59194.4748032,17.7304268,0.0297924392
712205300033494,0,59198.4726273,17.8928719,0.0329781175
712205300033494,0,59203.4709838,17.7301521,0.0297874548
712205300033494,0,59215.4449884,17.6510963,0.0284034573
712205300033494,0,59217.3938773,17.806179,0.0312185287
712205300033494,0,59219.3571759,17.6255379,0.0279776398
712205300033494,0,59223.4498958,17.7468224,0.0300926249
712205300033494,0,59229.4260648,17.2146034,0.0223943684
712205300033494,0,59231.370706,18.1665649,0.0395353772
712205300033494,0,59248.3962847,17.9764328,0.0348115861
712205300033494,0,59250.3864583,17.9237328,0.0336390547
712205300033494,0,59254.3895255,18.2384129,0.0415381826
712205300033494,0,59256.4100694,18.0705757,0.0370503329
712205300033494,0,59258.3459028,17.9605179,0.0344515741
712205300033494,0,59260.2595833,17.8612556,0.0323200747
712205300033494,0,59262.2382986,17.7613525,0.0303625278
712205300033494,0,59262.3413542,18.0184174,0.0357865989
712205300033494,0,59262.3437153,17.9664173,0.034584403
712205300033494,0,59264.2236111,18.0225983,0.0358857214
712205300033494,0,59264.2983796,17.9783058,0.0348542966
712205300033494,0,59264.3647338,17.8565483,0.0322237462
712205300033494,0,59265.2592245,18.0607872,0.0368086584
712205300033494,0,59266.2690972,17.584856,0.0273208097
712205300033494,0,59266.3251968,17.4303398,0.0250468198
712205300033494,0,59266.3943171,17.6640091,0.0286225379
712205300033494,0,59267.3074306,17.8448067,0.0319852158
712205300033494,0,59268.3223495,18.1249771,0.0384326912
712205300033494,0,59269.3080903,18.2565422,0.0420637429
712205300033494,0,59270.3076505,18.1030331,0.0378670171
712205300033494,0,59270.3621065,17.9738312,0.0347523913
712205300033494,0,59272.2433912,18.0051041,0.03547341
712205300033494,0,59274.410706,17.3968239,0.0245968867
712205300033494,0,59275.3515509,17.9071846,0.0332823209
712205300033494,0,59275.413287,17.7892303,0.0308906734
712205300033494,0,59276.308044,17.9955482,0.0352509208
712205300033494,0,59280.2680324,17.9013214,0.0331572331
712205300033494,0,59280.2788426,18.0766983,0.0372025855
712205300033494,0,59280.30375,17.9048138,0.0332316756
712205300033494,0,59281.2144097,17.6437759,0.0282804389
712205300033494,16,59281.2564815,17.9404774,0.0340055302
712205300033494,0,59291.3584028,18.0023308,0.0354086533
712205300033494,0,59292.3411574,17.8736877,0.0325765535
712205300033494,0,59295.2680671,17.7752304,0.0306237247
712205300033494,32768,59297.2345718,17.9274788,0.0337205529
712205300033494,0,59303.3219907,18.2405319,0.0415991656
712205300033494,0,59303.3234838,18.0807877,0.0373047329
712205300033494,0,59304.1745833,17.9835014,0.0349731781
712205300033494,0,59306.2485417,18.0409546,0.03632541
712205300033494,0,59307.2246528,18.1182976,0.038259346
712205300033494,0,59308.2259838,18.1108131,0.0380663015
712205300033494,0,59310.3072569,18.0116844,0.0356277376
712205300033494,0,59310.3081944,17.965704,0.0345683098
712205300033494,0,59312.2876505,17.8393745,0.031875737
712205300033494,0,59314.2772338,17.9616623,0.0344772898
712205300033494,0,59319.216875,17.7152615,0.0295188632
712205300033494,0,59322.2381366,18.1408119,0.0388477668
712205300033494,0,59324.2150347,17.9331131,0.0338436812
712205300033494,0,59328.2350579,18.1010857,0.0378173366
712205300033494,0,59334.2827315,18.1722832,0.0396901891
712205300033494,0,59336.2994676,17.987009,0.0350537263
712205300033494,0,59338.2181829,18.1851368,0.0400410593
712205300033494,0,59338.2191204,17.9879723,0.0350758992
712205300033494,0,59339.2613657,17.9867706,0.0350482464
712205300033494,0,59340.2595139,17.9146957,0.0334435776
712205300033494,0,59340.2604514,17.9415359,0.034028884
712205300033494,0,59342.2835532,17.9834251,0.0349714272
712205300033494,0,59343.1952894,17.9447613,0.0341002047
712205300033494,0,59344.2179977,17.8938103,0.0329979323
712205300033494,0,59346.1970718,17.8136902,0.0313654803
712205300033494,0,59346.1980093,18.0524979,0.0366056189
712205300033494,0,59348.20625,17.8938866,0.0329995491
712205300033494,0,59350.2337153,17.6361046,0.0281524397
712205300033494,0,59353.1800463,17.9704742,0.0346761979
712205300033494,0,59355.2185069,17.8521614,0.032134328
712205300033494,0,59355.2194444,17.6285477,0.0280272551
712205300033494,0,59356.2410301,17.5986519,0.0275406949
712205300033494,0,59359.2010995,18.0462112,0.0364526398
712205300033494,0,59361.1993056,18.1203194,0.0383117087
712205300033494,0,59361.2049653,18.1446667,0.0389497094
712205300033494,0,59363.2025231,18.0485153,0.0365086086
712205300033494,0,59367.2044907,17.8236885,0.0315626785
712205300033494,0,59396.1824884,18.1887646,0.0401407965
712205300033494,0,59396.1834375,18.6455841,0.0555384979
712205300033494,0,59396.184375,18.2316113,0.0413431264
712205300033494,0,59396.1853125,17.9355431,0.0338969603
712205300033494,0,59396.18625,18.1572552,0.0392850116
712205300033494,0,59397.1824653,18.0316639,0.0361019596
712205300033494,0,59397.1834028,18.3012428,0.043395482
712205300033494,0,59397.1843519,18.2123985,0.0407983996
712205300033494,0,59397.1852894,18.1186428,0.0382682569
712205300033494,0,59397.1862269,17.9154987,0.033460889
712205300033494,32768,59399.182419,18.0771008,0.0372126065
712205300033494,32768,59399.1833565,18.2543926,0.0420010015
712205300033494,32768,59399.1861806,17.7871971,0.0308516994
712205300033494,0,59400.1822801,17.7061386,0.0293561388
712205300033494,0,59400.1832176,17.8529224,0.0321498029
712205300033494,0,59400.1851042,17.758461,0.0303085148
712205300033494,0,59400.1860532,17.8601894,0.0322982222
712205300033494,0,59401.1821296,17.8061752,0.0312184598
712205300033494,0,59401.1830671,18.0987206,0.0377571285
712205300033494,0,59401.1840162,18.113184,0.0381273106
712205300033494,0,59401.1849537,18.0480118,0.0364963822
712205300033494,0,59405.1753241,18.1448135,0.0389535949
712205300033494,0,59405.1776852,18.2047424,0.0405838825
712205300033494,0,59406.169838,18.1724167,0.0396938175
712205300033494,0,59406.1745718,18.2787304,0.0427183472
712205300033494,0,59407.1766319,18.2201214,0.0410162769
712205300033494,0,59408.1762731,18.6225529,0.054613553
712205300033494,0,59409.1782986,18.3618851,0.0452863276
712205300033494,0,59410.1731829,18.1861134,0.0400678739
712205300033494,0,59411.1732407,18.434782,0.0476928093
712205300033494,0,59412.1704745,18.2639351,0.0422804281
712205300033494,0,59412.1728356,18.044754,0.0364173129
712205300033494,0,59412.1751968,18.59198,0.0534122139
712205300033494,0,59412.1775694,18.1553268,0.0392333977
712205300033494,0,59415.1677546,18.0912018,0.0375665724
712205300033494,0,59415.1724884,18.015255,0.0357118547
712205300033494,0,59417.1691204,18.4059334,0.0467225909
712205300033494,0,59483.5123148,18.0551739,0.0366710052
712205300033494,0,59483.5172338,17.911726,0.0333796963
712205300033494,0,59484.5163542,18.2059097,0.0406164899
712205300033494,0,59484.5188079,17.8752365,0.0326087065
712205300033494,0,59484.5237037,18.1247826,0.0384276323
712205300033494,32768,59485.5125116,17.4299622,0.0250416622
712205300033494,0,59487.5087037,17.4479179,0.0252887439
712205300033494,32768,59487.51125,17.3011513,0.0233909972
712205300033494,0,59487.5137847,17.3913307,0.0245245416
712205300033494,0,59487.5188657,17.4740772,0.0256564878
712205300033494,0,59488.5084259,17.8687286,0.0324738994
712205300033494,0,59488.5109028,17.91325,0.0334124491
712205300033494,0,59488.5133912,18.0211754,0.0358519629
712205300033494,0,59488.5158796,17.8674889,0.0324483067
712205300033494,0,59488.5183681,17.8606186,0.0323070213
712205300033494,0,59509.4749537,18.0587578,0.0367587954
712205300033494,0,59517.5480093,18.5617294,0.0522528477
712205300033494,0,59521.4710648,17.9725647,0.0347235985
712205300033494,0,59523.517963,17.9508553,0.0342354998
712205300033494,0,59524.4725579,17.8778801,0.0326637104
712205300033494,0,59525.5184491,18.0253487,0.0359511636
712205300033494,0,59529.4130903,17.3720837,0.0242740866
712205300033494,0,59531.4485532,18.1924286,0.0402418338
712205300033494,0,59532.4474769,17.9774837,0.0348355584
712205300033494,0,59536.493912,18.0989628,0.0377633162
712205300033494,0,59540.5189005,18.0846825,0.0374023691
712205300033494,0,59550.3456944,18.092865,0.0376086123
712205300033494,0,59550.4062847,17.9946404,0.035229899
712205300033494,0,59550.5090625,17.8839588,0.0327906683
712205300033494,0,59600.2978588,18.1035404,0.0378799848
712205300033494,0,59600.3652778,18.0348663,0.0361787863
712205300033494,0,59622.4468403,17.5351372,0.0265518948
712205300033494,0,59623.2686921,18.2114754,0.0407724716
712205300033494,0,59624.3489352,18.2130566,0.0408169031
712205300033494,0,59629.3474653,18.1008453,0.0378112309
712205300033494,0,59629.5135069,17.8617306,0.032329835
712205300033494,0,59636.4112037,17.9951782,0.0352423601
712205300033494,32768,59637.3316435,17.9683266,0.0346275568
712205300033494,0,59638.3848032,17.7946777,0.0309954956
712205300033494,0,59638.467662,17.7984161,0.0310677253
712205300033494,0,59639.150463,17.7616768,0.0303685907
712205300033494,0,59639.2349769,17.7824059,0.0307601057
712205300033494,0,59640.2687153,17.8668747,0.0324356444
712205300033494,0,59640.4023264,18.0320473,0.0361111574
712205300033494,0,59641.2396412,17.951725,0.0342548825
712205300033494,0,59641.3067708,17.991581,0.0351591185
712205300033494,0,59671.3312384,18.1249352,0.0384316072
712205300033494,0,59676.3447338,17.2016735,0.0222527552
712205300033494,0,59678.2394329,18.0894527,0.0375224315
712205300033494,0,59683.3643287,18.3687286,0.0455059558
712205300033494,0,59685.2452778,18.1267891,0.0384798907
712205300033494,0,59688.3386458,18.000927,0.0353759192
712205300033494,0,59690.2360301,18.0259457,0.035965357
712205300033494,0,59696.2446065,18.0585518,0.0367537364
712205300033494,0,59699.1737847,18.0355949,0.036196284
712205300033494,0,59701.2249653,18.0126686,0.0356509164
712205300033494,0,59708.2268056,17.5352516,0.0265536234
712205300033494,0,59710.2244213,18.0182991,0.035783805
712205300033494,0,59712.2011806,18.3494606,0.0448908433
712205300033494,0,59714.1971991,18.3706818,0.0455688536
712205300033494,0,59719.1843056,17.8499584,0.0320895575
712205300033494,0,59719.2182639,17.9817257,0.0349324793
712205300033494,0,59725.2237384,18.1799698,0.0398995243
712205300033494,0,59848.5118866,18.0386639,0.0362701342
712205300033494,0,59848.5143403,17.8637657,0.0323716328
712205300033494,0,59848.5168056,17.9948006,0.0352336057
712205300033494,0,59849.5127315,17.8766594,0.0326383002
712205300033494,0,59849.5151736,18.0196304,0.0358153358
712205300033494,0,59850.5080556,18.1771164,0.0398216695
712205300033494,0,59850.5106134,18.0143242,0.0356899276
712205300033494,32768,59850.5131481,18.0809231,0.0373081341
712205300033494,0,59850.5182755,18.0813942,0.037319921
712205300033494,0,59851.5098032,18.0594025,0.0367746241
712205300033494,0,59851.5123495,18.1536331,0.0391881391
712205300033494,0,59851.5148958,18.0992165,0.0377697423
712205300033494,0,59851.5174421,18.2247849,0.0411485508
712205300033494,0,59851.5199769,18.1932011,0.0402631834
712205300033494,0,59852.5078356,17.9770489,0.0348256342
712205300033494,0,59852.5103819,17.9728889,0.0347309634
712205300033494,0,59852.5129167,17.9808903,0.0349133536
712205300033494,0,59852.515463,18.2352982,0.0414487123
712205300033494,0,59852.5179977,17.8790932,0.0326890014
712205300033494,0,59853.5101273,17.9502602,0.0342222601
712205300033494,0,59853.5126042,17.9856205,0.0350218005
712205300033494,0,59853.517581,17.959362,0.0344256163
712205300033494,0,59853.5200694,17.9308739,0.0337946601
712205300033494,32768,59854.5117824,17.6876144,0.0290300008
712205300033494,0,59854.520544,18.0692444,0.0370173343
712205300033494,0,59854.5249306,18.0597153,0.0367822945
712205300033494,0,59866.5033796,18.1602249,0.0393646546
712205300033494,0,59870.4856366,17.7856026,0.0308211669
712205300033494,0,59872.4460185,17.89925,0.0331131816
712205300033494,0,59874.5151389,17.8351746,0.0317914709
712205300033494,0,59878.4952083,17.9563179,0.0343574025
712205300033494,0,59882.4968056,17.5135612,0.0262294598
712205300033494,32768,59887.473912,17.8155899,0.0314027965
712205300033494,0,59889.4811921,18.2512035,0.0419080965
712205300033494,32768,59897.3836921,17.5162907,0.0262698885
712205300033494,0,59901.5307292,18.0202217,0.0358293466
712205300033494,0,59903.4788773,17.9664421,0.0345849693
712205300033494,0,59923.4523032,17.8041534,0.0311790798
712205300033494,0,59930.5210532,18.0121517,0.0356387347
712205300033494,32768,59933.4761921,17.8586388,0.0322664641
712205300033494,0,59935.4243981,17.9825401,0.0349511281
712205300033494,0,59937.4315509,17.4751625,0.0256719403
712205300033494,0,59956.491412,17.9267902,0.0337055698
712205300033494,0,59968.3652431,17.9494858,0.0342050232
712205300033494,0,59971.3424653,17.9784794,0.0348582678
712205300033494,0,59977.2996991,17.7558937,0.030260684
712205300033494,0,59983.3678935,17.3174114,0.0235880055
712205300033494,0,59985.2786921,17.8919449,0.0329585373
712205300033494,0,59994.2803009,17.9187775,0.0335316658
712205300033494,0,60031.3210532,18.0074329,0.0355279371
712205300033494,0,60043.202581,18.0004654,0.0353651755
712205300033494,0,60045.2762153,18.3840714,0.0460030027
712205300033494,0,60049.2162269,18.020689,0.0358404256
712205300033494,0,60051.288669,17.9435425,0.0340732485
712205300033494,0,60053.2387153,17.9860115,0.0350307897
712205300033494,0,60057.1619907,17.927166,0.0337137468
712205300033494,0,60059.2125,17.744215,0.0300445873
712205300033494,0,60061.1983102,18.3884106,0.0461447649
712205300033494,0,60063.2355324,17.9944038,0.0352244079
712205300033494,0,60065.2222685,18.280529,0.0427719355
712205300033494,0,60077.2189468,17.8741837,0.0325868465
712205300033494,0,60079.3037384,18.0944595,0.0376489908
712205300033494,0,60081.2372917,18.1282101,0.0385169648
712205300033494,0,60083.1829861,17.9777756,0.0348421931
712205300033494,0,60085.1840625,17.9505157,0.0342279375
712205300033494,0,60092.2696644,18.1111298,0.0380744487
712205300033494,0,60097.196331,18.1982841,0.0404040217
712205300033494,0,60099.2431019,18.3673477,0.0454615094
712205300033494,0,60113.2427083,17.9699173,0.0346635543
712205300033494,0,60115.2261227,17.987751,0.0350707918
712205300034170,0,58219.2100694,19.2822514,0.0887959674
712205300034170,0,58219.2470718,19.4614029,0.101122163
712205300034170,0,58223.1899421,19.9413395,0.140372366
712205300034170,0,58245.1846991,19.8262444,0.130254015
712205300034170,0,58248.1666435,19.6506233,0.11559879
712205300034170,0,58260.1843981,19.5839214,0.110330112
712205300034170,0,58280.1869907,19.5841789,0.110350102
712205300034170,0,58455.4766782,19.4456253,0.0999818891
712205300034170,0,58608.2200694,19.7873287,0.126916558
712205300034170,0,58612.1990509,20.0487671,0.15006043
712205300034170,0,58633.1726968,19.900198,0.136717379
712205300034170,0,58634.1818287,20.0014877,0.145776078
712205300034170,0,58855.5340162,19.6916161,0.118921816
712205300034170,0,58877.345706,19.3835678,0.0955990925
712205300034170,0,58881.3663889,19.9001369,0.136712015
712205300034170,0,58891.3234838,19.9985676,0.145512432
712205300034170,0,58895.2790278,19.6300812,0.113957614
712205300034170,0,58903.2230787,19.8914833,0.135948271
712205300034170,0,58962.264294,20.0476379,0.149957776
712205300034170,0,58980.2354514,20.0206108,0.147505909
712205300034170,0,58987.1710301,20.1146603,0.156057864
712205300034170,0,58998.2458449,19.9081421,0.137420118
712205300034170,0,59011.2415625,19.6905479,0.118834443
712205300034170,0,59038.1857176,19.6405792,0.114794269
712205300034170,0,59044.1717245,19.5368004,0.106715403
712205300034170,0,59173.513287,20.0996284,0.154688656
712205300034170,0,59252.3030671,20.0192871,0.147386059
712205300034170,0,59254.3895255,19.9962845,0.145306259
712205300034170,0,59281.2144097,19.2970066,0.0897595957
712205300034170,0,59304.1745833,19.5780754,0.109876752
712205300034170,0,59322.2381366,19.8095741,0.128818542
712205300034170,0,59367.2044907,20.0051613,0.146108031
712205300034170,0,59407.1790046,19.831955,0.130747706
712205300034170,0,59410.1731829,19.6239872,0.113473892
712205300034170,0,59415.1724884,19.5419846,0.107108667
712205300034170,0,59488.5158796,19.4421883,0.0997349024
712205300034170,0,59523.5170139,19.837574,0.131234333
712205300034170,0,59524.4725579,19.8765373,0.134633541
712205300034170,0,59532.4474769,19.3672276,0.0944723338
712205300034170,0,59536.493912,19.9737453,0.143275931
712205300034170,0,59600.2978588,19.834198,0.130941808
712205300034170,0,59671.3312384,19.9037609,0.137032405
712205300034170,0,59674.3097106,19.7512436,0.123865217
712205300034170,0,59848.5118866,19.5698242,0.109239295
712205300034170,0,59848.5168056,19.3509159,0.0933588892
712205300034170,0,59850.5106134,19.7504177,0.123795867
712205300034170,0,59851.5123495,19.9159355,0.13811104
712205300034170,0,59852.515463,19.6374454,0.114544041
712205300034170,0,59853.5126042,19.7367973,0.122656047
712205300034170,0,59853.5150926,19.6213703,0.113266647
712205300034170,0,59872.4460185,19.4221649,0.0983058065
712205300034170,0,60036.2603241,19.5361748,0.106667995
712205300034170,0,60045.2762153,20.0208054,0.147523627
712205300034170,0,60061.1983102,19.8872414,0.13557449
712205300034170,0,60081.2372917,19.5338097,0.106489025
712205300034172,0,58426.5253588,19.2034836,0.0838079154
712205300034172,32768,58505.5083333,18.5895424,0.0533177592
712205300034172,0,58583.261956,19.165905,0.0815200731
712205300034172,0,58895.2898727,19.5996342,0.111555435
712205300034172,0,58992.2239005,19.696703,0.119338542
712205300034172,0,59036.1866319,19.3051968,0.0902984142
712205300034172,0,59040.1855208,18.8709641,0.0655466616
712205300034172,0,59304.1745833,19.4775944,0.102303326
712205300034172,0,59339.2613657,20.1319141,0.157628939
712205300034172,0,59396.1824884,19.5227032,0.105651706
712205300034172,32768,59400.1841667,19.223877,0.0850742236
712205300034172,0,59407.1742593,19.566494,0.108982727
712205300034172,0,59640.2687153,19.8106956,0.128914878
712205300034172,0,59719.2182639,19.4848995,0.102839813
712205300034172,0,59880.4940394,19.2449074,0.0863984823
712205300034173,32768,58214.2062384,19.0500278,0.0748320296
712205300034173,0,58217.2281366,19.2828102,0.0888323039
712205300034173,0,58217.2290509,19.5248718,0.1058148
712205300034173,0,58218.234213,19.4749737,0.102111347
712205300034173,0,58219.2100694,19.0112,0.0727125183
712205300034173,0,58223.1899421,19.1992226,0.0835454836
712205300034173,0,58226.256169,19.3495483,0.0932660624
712205300034173,0,58247.2247106,19.2868309,0.0890940726
712205300034173,0,58250.2178588,17.6816502,0.028926177
712205300034173,0,58257.2257523,19.4161415,0.0978792161
712205300034173,0,58260.1843981,19.1525345,0.0807202384
712205300034173,0,58284.1748148,19.4177094,0.0979900882
712205300034173,0,58426.5244213,18.9238243,0.0681593642
712205300034173,32768,58429.5339352,18.7039413,0.0579607524
712205300034173,0,58430.4920023,19.4729385,0.101962529
712205300034173,0,58434.493044,17.8877697,0.0328706279
712205300034173,0,58437.5329282,19.1743259,0.0820276365
712205300034173,0,58447.466169,19.3025284,0.0901225805
712205300034173,0,58450.5264236,19.5226269,0.10564597
712205300034173,0,58464.5360995,19.102787,0.0778090358
712205300034173,0,58464.5370139,19.4526062,0.100485116
712205300034173,0,58468.5068634,19.6793442,0.117920429
712205300034173,0,58486.4616319,19.3298016,0.0919344202
712205300034173,0,58491.5330787,19.1704559,0.0817939714
712205300034173,0,58494.4437384,19.3081055,0.0904904827
712205300034173,0,58494.4460648,19.348465,0.0931925699
712205300034173,32768,58514.3875463,19.2262573,0.0852231979
712205300034173,0,58599.1631597,19.4696198,0.101720184
712205300034173,0,58608.2200694,19.4695702,0.101716533
712205300034173,0,58634.1818287,19.4717922,0.101878747
712205300034173,0,58640.2237616,19.5199451,0.105444513
712205300034173,0,58785.5139005,19.5128708,0.104914643
712205300034173,0,58791.5135764,19.5479546,0.107562892
712205300034173,0,58846.4298264,19.479229,0.102423154
712205300034173,0,58849.4418403,19.5466785,0.107465714
712205300034173,0,58853.5469676,19.4744778,0.10207507
712205300034173,0,58866.3667014,19.1017551,0.0777497739
712205300034173,0,58867.3683565,19.0034676,0.0722975209
712205300034173,0,58867.3692824,19.0143909,0.0728843957
712205300034173,0,58871.3277894,18.9541225,0.0697046965
712205300034173,0,58873.3045718,19.6144142,0.112716921
712205300034173,0,58875.3025579,18.8150997,0.0628983229
712205300034173,0,58875.3034838,19.0633469,0.0755729824
712205300034173,0,58880.3437847,19.0159721,0.0729697719
712205300034173,0,58881.3673264,19.3914223,0.0961447805
712205300034173,0,58883.265544,18.7090054,0.0581763498
712205300034173,0,58893.2791782,19.6583633,0.116221376
712205300034173,0,58894.2777546,19.4413071,0.0996716693
712205300034173,0,58894.2796181,19.4871902,0.103008449
712205300034173,0,58899.2777662,19.411911,0.0975805297
712205300034173,0,58899.3441667,19.364069,0.0942558944
712205300034173,0,58900.2399653,19.4618568,0.101155147
712205300034173,0,58911.2373727,18.924881,0.0682126433
712205300034173,0,58912.4134491,19.2247829,0.0851308927
712205300034173,0,58954.215706,19.4767132,0.102238685
712205300034173,0,58954.2166551,19.5111237,0.104784049
712205300034173,0,58962.264294,19.6166992,0.112897299
712205300034173,0,58964.2471296,19.6640682,0.116681658
712205300034173,0,58965.1842824,19.3322067,0.092095755
712205300034173,0,58968.1730093,19.8017311,0.128146186
712205300034173,0,58973.1753472,19.1584301,0.0810719654
712205300034173,0,58986.2359838,19.7396584,0.122894973
712205300034173,0,58992.2239005,19.4026203,0.096927315
712205300034173,0,58995.2246991,19.6604443,0.116389096
712205300034173,0,58998.2449074,19.3834457,0.0955906808
712205300034173,0,59014.2230903,19.3688431,0.0945832208
712205300034173,0,59044.1767014,19.3105488,0.0906521156
712205300034173,0,59142.5308796,19.5032768,0.104199305
712205300034173,0,59256.4100694,19.5471287,0.107499942
712205300034173,0,59260.2595833,19.3566399,0.0937483534
712205300034173,0,59262.3413542,19.4430504,0.0997967944
712205300034173,0,59262.3437153,19.5000038,0.103956103
712205300034173,0,59264.2236111,19.7862225,0.126822367
712205300034173,0,59264.3647338,19.4851418,0.10285762
712205300034173,0,59267.3074306,18.8913918,0.0665438622
712205300034173,0,59270.2604514,19.3273964,0.0917733312
712205300034173,0,59273.2173611,19.0323334,0.0738586932
712205300034173,0,59276.308044,19.3480301,0.0931630582
712205300034173,0,59276.4023495,19.5319633,0.106349528
712205300034173,0,59278.4274769,18.9374943,0.0688522235
712205300034173,0,59291.2430787,19.3736115,0.094911173
712205300034173,0,59291.3584028,19.6378975,0.114580169
712205300034173,0,59292.3411574,19.7451096,0.123350948
712205300034173,0,59295.2680671,19.0435486,0.0744741783
712205300034173,0,59304.1745833,19.175993,0.0821284354
712205300034173,0,59306.2485417,19.489542,0.103181884
712205300034173,0,59307.2246528,19.6809082,0.118047759
712205300034173,0,59308.2259838,19.5334301,0.106460355
712205300034173,0,59310.3072569,19.3821983,0.0955042914
712205300034173,0,59310.3081944,19.2901745,0.0893122032
712205300034173,0,59312.2876505,19.3667679,0.0944408551
712205300034173,0,59319.216875,18.886549,0.0663060695
712205300034173,0,59334.2827315,19.5669823,0.109020345
712205300034173,0,59336.3067593,19.3690186,0.094595328
712205300034173,0,59339.2613657,19.6582222,0.116209954
712205300034173,0,59340.2595139,19.5861492,0.110503241
712205300034173,0,59341.1966898,19.4919434,0.103359148
712205300034173,0,59343.1952894,19.5021572,0.104116008
712205300034173,0,59344.2179977,19.4522438,0.10045895
712205300034173,0,59346.1970718,19.5989838,0.111504473
712205300034173,0,59366.2044444,19.2766418,0.0884320214
712205300034173,32768,59485.5125116,18.3710575,0.0455809645
712205300034173,32768,59485.517581,18.7730789,0.0609806962
712205300034173,0,59531.4485532,19.5381489,0.106817566
712205300034173,0,59550.3456944,19.3474751,0.0931254849
712205300034173,0,59550.4062847,19.6431656,0.115001068
712205300034173,0,59624.3489352,19.5347176,0.106557727
712205300034173,0,59629.5135069,19.2070389,0.0840273947
712205300034173,0,59636.4112037,19.3207245,0.0913279057
712205300034173,0,59638.3848032,19.0479698,0.0747181401
712205300034173,0,59640.2687153,19.5422363,0.107127763
712205300034173,0,59640.3837037,19.2100639,0.0842146128
712205300034173,0,59671.3312384,19.2786255,0.0885605514
712205300034173,0,59674.3097106,19.6461525,0.115240157
712205300034173,0,59694.180162,19.4520035,0.10044156
712205300034173,0,59725.2237384,19.4806328,0.102526128
712205300034173,0,59849.5078472,19.4764729,0.102221139
712205300034173,0,59851.5123495,19.4865818,0.102963656
712205300034173,0,59852.5078356,18.9776993,0.0709316656
712205300034173,0,59852.5129167,19.2866707,0.0890835896
712205300034173,0,59853.5200694,19.3115444,0.0907180384
712205300034173,0,59870.4856366,18.8699341,0.0654967874
712205300034173,0,59874.5151389,19.4525414,0.100480475
712205300034173,0,59878.4952083,19.3408127,0.0926749185
712205300034173,32768,59905.4489699,18.9716644,0.0706155673
712205300034173,0,59930.5210532,19.3958244,0.0964517742
712205300034173,0,60043.202581,19.4541435,0.100596249
712205300034173,0,60065.2222685,19.4632397,0.101255618
712205300034173,0,60077.2189468,19.6175938,0.112967998
712205300034173,0,60083.1829861,19.4652634,0.101402819
712205300035608,0,58218.2632639,17.9914799,0.0351567753
712205300035608,0,58219.2470718,17.8385963,0.0318600908
712205300035608,0,58223.1899421,18.0083218,0.035548754
712205300035608,0,58227.2533796,17.9712105,0.0346928686
712205300035608,0,58229.1929398,18.0565434,0.0367045291
712205300035608,0,58244.1873843,18.1238174,0.0384025127
712205300035608,0,58257.2257523,17.9362698,0.0339129306
712205300035608,0,58257.2267014,17.948391,0.0341807008
712205300035608,0,58266.2397106,18.2584534,0.0421196222
712205300035608,0,58277.2379167,17.9713192,0.034695331
712205300035608,0,58277.238831,17.9642086,0.0345346034
712205300035608,0,58284.1800347,18.068716,0.0370042585
712205300035608,0,58426.5253588,17.7921276,0.0309463628
712205300035608,0,58431.5278241,17.5193367,0.0263151191
712205300035608,0,58432.5332639,18.0120525,0.0356364064
712205300035608,0,58437.5329282,17.9785538,0.034859959
712205300035608,0,58440.5362963,18.1309566,0.0385887511
712205300035608,0,58441.526956,17.8261642,0.031611789
712205300035608,0,58447.5361458,17.5870209,0.0273551252
712205300035608,0,58448.486331,17.8883362,0.0328825302
712205300035608,0,58448.5332292,17.7805328,0.030724423
712205300035608,0,58450.5253241,18.1624794,0.0394252501
712205300035608,0,58450.5264236,18.0247726,0.0359374247
712205300035608,0,58455.4766782,17.8787937,0.0326827355
712205300035608,0,58465.5002083,18.2094536,0.0407157205
712205300035608,32768,58469.4795602,17.9691505,0.0346461982
712205300035608,0,58471.5358565,18.079771,0.0372792929
712205300035608,0,58472.5471181,18.0167713,0.0357476659
712205300035608,0,58572.2263889,17.9931602,0.0351956263
712205300035608,0,58608.2200694,18.0438538,0.0363955162
712205300035608,0,58637.1749421,18.0129604,0.0356577896
712205300035608,0,58649.2194213,17.9467926,0.0341452174
712205300035608,0,58654.177662,17.9124603,0.0333954766
712205300035608,0,58662.1828356,17.902771,0.0331880972
712205300035608,0,58669.1769329,17.8604355,0.0323032588
712205300035608,0,58749.5181713,17.7674255,0.0304764099
712205300035608,0,58751.5145718,17.644968,0.028300412
712205300035608,0,58751.5194444,17.754261,0.0302303433
712205300035608,0,58761.5068287,18.0551071,0.0366693698
712205300035608,0,58764.4925926,17.669096,0.0287095718
712205300035608,0,58846.4670949,18.0133438,0.035666801
712205300035608,0,58850.4761343,17.7182941,0.0295732617
712205300035608,0,58855.5270949,17.8456287,0.0320018418
712205300035608,0,58855.5340162,18.0051193,0.0354737751
712205300035608,0,58867.3683565,17.8441505,0.0319719724
712205300035608,0,58873.3031944,18.1152878,0.038181562
712205300035608,0,58873.3045718,18.0487862,0.0365151912
712205300035608,0,58875.3025579,17.6796722,0.0288918857
712205300035608,0,58876.3266667,18.0558701,0.0366880372
712205300035608,0,58878.3335995,17.6546478,0.0284634419
712205300035608,0,58891.3225463,18.0272865,0.0359973311
712205300035608,0,58891.331794,18.047142,0.0364752375
712205300035608,0,58893.2801157,18.0012817,0.0353841968
712205300035608,0,58894.2777546,18.1067543,0.0379621796
712205300035608,0,58894.2786806,18.0548515,0.0366631038
712205300035608,0,58900.2591204,18.1681633,0.0395785794
712205300035608,0,58904.2135532,18.0927429,0.0376055315
712205300035608,0,58906.2379398,17.933939,0.0338617824
712205300035608,0,58912.4134491,17.7444859,0.0300495662
712205300035608,0,58913.2379282,18.214901,0.040868856
712205300035608,0,58914.3429514,18.1330719,0.0386441424
712205300035608,0,58915.3837153,18.3655186,0.0454027727
712205300035608,0,58939.2188426,17.8901176,0.0329200439
712205300035608,0,58965.1842824,17.8824577,0.0327592529
712205300035608,0,58965.1851852,17.9966106,0.0352755599
712205300035608,0,58971.1767824,18.1952972,0.0403212048
712205300035608,0,58971.1777315,18.0515671,0.0365829095
712205300035608,0,58975.1845602,18.2693863,0.0424411222
712205300035608,0,58981.2355208,18.0054283,0.035480991
712205300035608,0,58986.2359838,18.2460136,0.0417575166
712205300035608,0,58992.2239005,17.9111271,0.0333668403
712205300035608,0,58992.224838,18.0118027,0.0356305167
712205300035608,0,58995.2246991,17.8339386,0.0317667276
712205300035608,0,58995.2256366,18.2344246,0.041423656
712205300035608,0,58997.2357986,18.0651741,0.0369167104
712205300035608,0,58998.2458449,17.7946815,0.0309955645
712205300035608,0,59034.1859375,18.0839653,0.0373843834
712205300035608,0,59036.1768287,18.0618706,0.0368352756
712205300035608,0,59038.1808565,18.3094559,0.0436458364
712205300035608,0,59040.1805556,18.125885,0.0384563431
712205300035608,0,59042.1819792,17.954977,0.0343274437
712205300035608,0,59046.1822685,17.7811794,0.0307367481
712205300035608,0,59121.5125463,18.0185165,0.0357889384
712205300035608,0,59121.5172801,17.977169,0.0348283835
712205300035608,0,59121.5220139,18.042551,0.0363639854
712205300035608,0,59140.5297685,17.9400673,0.0339964889
712205300035608,0,59157.4918171,18.0026703,0.0354165807
712205300035608,0,59168.5301157,18.1860161,0.040065188
712205300035608,0,59185.4741319,18.0487499,0.0365143195
712205300035608,0,59189.4784491,17.9703217,0.0346727408
712205300035608,0,59193.4101042,18.0631371,0.0368664749
712205300035608,0,59203.4709838,17.8741875,0.032586921
712205300035608,0,59217.3938773,18.0550652,0.0366683491
712205300035608,0,59219.3571759,17.8225098,0.0315393284
712205300035608,0,59250.3864583,17.6451817,0.0283039901
712205300035608,0,59260.2595833,17.9702797,0.0346717611
712205300035608,0,59260.3873148,17.9764061,0.0348109938
712205300035608,0,59265.2592245,18.0576591,0.0367318653
712205300035608,0,59266.2690972,17.5647354,0.0270052198
712205300035608,0,59266.3251968,17.5011444,0.0260469113
712205300035608,0,59269.3080903,18.5252819,0.0508938991
712205300035608,0,59274.3819097,17.5618,0.0269596949
712205300035608,0,59275.413287,17.7791023,0.030697206
712205300035608,0,59281.2564815,18.0855904,0.0374251902
712205300035608,0,59291.2430787,17.8892212,0.0329011641
712205300035608,0,59306.2485417,18.0681038,0.0369890928
712205300035608,0,59334.2827315,17.935648,0.0338992625
712205300035608,0,59335.1954977,17.8039341,0.0311748125
712205300035608,0,59338.2191204,17.9942589,0.0352210663
712205300035608,0,59343.1952894,18.0429764,0.0363742784
712205300035608,0,59346.1970718,18.086731,0.0374538787
712205300035608,0,59350.2337153,17.5723076,0.0271232743
712205300035608,0,59361.2049653,18.1667576,0.0395405963
712205300035608,0,59366.2044444,17.7974548,0.0310491137
712205300035608,0,59396.1824884,18.1738968,0.039734032
712205300035608,0,59397.1834028,18.3483524,0.0448557995
712205300035608,0,59400.1851042,17.80159,0.0311292429
712205300035608,0,59400.1860532,17.6405621,0.0282266978
712205300035608,0,59401.1821296,17.8562393,0.0322174169
712205300035608,0,59405.1729514,17.9878979,0.0350741968
712205300035608,0,59406.1769329,18.1670399,0.039548222
712205300035608,0,59407.1766319,18.1612797,0.0393929966
712205300035608,0,59408.1762731,18.3257637,0.0441481993
712205300035608,0,59411.1756019,18.3234444,0.0440763086
712205300035608,0,59412.1728356,18.024889,0.0359402038
712205300035608,0,59484.513912,18.0104656,0.0355991013
712205300035608,0,59488.5158796,17.9036198,0.0332061872
712205300035608,0,59509.4749537,18.0049953,0.0354708768
712205300035608,0,59524.4725579,17.7911415,0.0309273805
712205300035608,0,59550.3456944,18.1630878,0.0394416489
712205300035608,0,59600.2978588,18.148756,0.0390582159
712205300035608,0,59600.3652778,18.1019859,0.0378403105
712205300035608,0,59622.4478009,17.6468506,0.0283319969
712205300035608,0,59638.3848032,17.8118019,0.0313284472
712205300035608,0,59639.150463,17.7200203,0.0296042934
712205300035608,0,59640.2687153,18.0219841,0.0358711444
712205300035608,0,59640.3837037,18.0497284,0.0365381315
712205300035608,0,59674.3097106,18.0956841,0.0376800261
712205300035608,0,59685.2452778,17.8760891,0.0326264501
712205300035608,0,59696.2446065,18.1127205,0.0381153673
712205300035608,0,59699.1737847,18.0786953,0.0372524224
712205300035608,0,59710.2244213,18.0543385,0.0366505682
712205300035608,0,59719.1843056,17.8651924,0.032400988
712205300035608,0,59848.5168056,17.7679138,0.030485604
712205300035608,0,59850.5080556,18.1640511,0.0394675918
712205300035608,32768,59850.5131481,18.0078602,0.0355379395
712205300035608,0,59851.5098032,18.4261475,0.0473999381
712205300035608,0,59852.5129167,17.8430061,0.0319488831
712205300035608,0,59853.5150926,18.0351944,0.0361866616
712205300035608,0,59853.517581,17.8454704,0.0319986381
712205300035608,32768,59854.5117824,17.5767517,0.0271929577
712205300035608,0,59870.4856366,17.6700001,0.0287251007
712205300035608,0,59874.5151389,18.0262203,0.0359719209
712205300035608,0,59880.4940394,17.7645569,0.0304225404
712205300035608,0,59889.4811921,18.0494728,0.0365318917
712205300035608,0,59930.5210532,18.0091648,0.0355685577
712205300035608,0,59937.4315509,17.6212215,0.0279067326
712205300035608,0,59977.2996991,17.5362282,0.0265683923
712205300035608,0,59994.2803009,18.0434608,0.0363859907
712205300035608,0,60021.2344444,18.0315876,0.036100138
712205300035608,0,60065.2222685,17.8171082,0.0314326845
712205300035608,0,60073.1958565,18.1287079,0.0385299809
712205300035608,0,60097.196331,18.2183285,0.040965572
712205300035660,0,58217.2060417,19.7791405,0.126220375
712205300035660,0,58223.1899421,19.9990997,0.145560414
712205300035660,0,58224.1847569,19.1972885,0.0834266692
712205300035660,0,58227.2544097,19.0081367,0.0725478232
712205300035660,0,58231.1777662,19.3854485,0.0957295448
712205300035660,0,58257.2267014,19.0619202,0.0754932612
712205300035660,0,58852.4534954,20.1303234,0.157484174
712205300035660,0,58891.3225463,19.5938225,0.111101091
712205300035660,0,58893.3271296,19.8225594,0.12993598
712205300035660,0,58906.2370023,18.7336445,0.0592379011
712205300035660,0,58967.175463,19.720274,0.121281892
712205300035660,0,59046.1723958,19.3099823,0.0906145722
712205300035660,32768,59146.5281019,18.8618717,0.065107815
712205300035660,0,59179.5200231,19.3168945,0.0910730213
712205300035660,0,59268.321412,19.149704,0.080551818
712205300035660,0,59303.3219907,19.4353027,0.0992415622
712205300035660,0,59319.216875,18.5975876,0.0536303036
712205300035660,0,59396.1834375,19.255579,0.0870775878
712205300035660,0,59396.184375,19.3714142,0.094759956
712205300035660,0,59400.1851042,18.9937572,0.0717798024
712205300035660,0,59852.5129167,19.3984356,0.0966342241
1711211200000003,1,58448.4706019,16.0602646,0.0142593896
1711211200000003,32768,58449.4523032,16.1519432,0.0145152686
1711211200000003,32768,58455.5281713,16.0459518,0.0142226536
1711211200000003,1,58476.4427778,16.1051407,0.0143801104
1711211200000003,0,58481.4622569,16.0517769,0.0142375045
1711211200000003,32768,58492.4531944,16.0314827,0.0141863711
1711211200000003,0,58493.4465278,16.0552635,0.0142464526
1711211200000003,0,58534.3729861,16.0349083,0.0141948834
1711211200000003,32768,58539.3331019,16.1366863,0.0144701498
1711211200000003,0,58546.3123958,16.023241,0.0141660804
1711211200000003,0,58557.2497917,15.9285803,0.0139520736
1711211200000003,0,58558.205625,16.0140419,0.0141437557
1711211200000003,0,58559.2071644,16.0894012,0.0143367983
1711211200000003,32768,58574.2130903,16.0269623,0.014175212
1711211200000003,0,58589.2264815,16.1408138,0.0144822495
1711211200000003,65535,58592.2826042,15.1696482,0.0132273044
1711211200000003,0,58597.2409491,16.0350876,0.0141953314
1711211200000003,0,59164.5530556,16.1407928,0.0144821918
1711211200000003,0,59166.5555556,16.136734,0.0144702867
1711211200000003,0,59166.5560301,16.1413574,0.0144838514
1711211200000003,0,59181.3805903,16.0519676,0.0142379925
1711211200000003,0,59181.3810648,16.0266151,0.0141743515
1711211200000003,0,59182.4157176,16.1140041,0.0144049721
1711211200000003,0,59182.4161806,16.1830864,0.0146106323
1711211200000003,0,60092.2960995,16.0080204,0.0141293267
1711211200028408,32768,58449.4523032,18.1760502,0.0385593437
1711211200028408,32768,58455.5281713,17.9729443,0.0335144661
1711211200028408,0,58481.4622569,17.7658272,0.029240869
1711211200028408,32768,58492.4531944,18.2664604,0.0411108434
1711211200028408,0,58546.3123958,17.6742496,0.0275988597
1711211200028408,0,58597.2409491,18.1040306,0.0366657004
1711211200028408,0,59164.5530556,17.8780441,0.0314549394
1711211200028408,0,59166.5555556,18.0139122,0.0344598629
1711211200028408,0,59166.5560301,18.0555344,0.0354566611
1711211200028408,0,59181.3810648,17.7767353,0.0294460896
1711211200028408,0,59182.4157176,17.9691944,0.0334296525
1711211200028408,0,60092.2960995,18.1689873,0.0383683033
1711211200041286,32769,58449.4523032,19.3844223,0.0929450095
1711211200041286,32768,58455.5281713,18.9510536,0.0679214522
1711211200041286,32768,58539.3331019,18.1578941,0.0380706377
1711211200041286,0,58597.2409491,19.5813904,0.106381074
