753212400001428,32768,58214.2129514,15.7663031,0.0124220243
753212400001428,32768,58215.2340046,15.7603941,0.0124123683
753212400001428,0,58216.2327778,15.7821226,0.0124483323
753212400001428,0,58217.248912,15.7273312,0.0123600801
753212400001428,0,58217.249838,15.7769518,0.0124396598
753212400001428,0,58217.2526852,15.7537651,0.0124016516
753212400001428,0,58217.2536343,15.7642345,0.0124186333
753212400001428,0,58218.2103819,15.7626495,0.0124160433
753212400001428,0,58218.2656713,15.7566319,0.0124062728
753212400001428,0,58218.272338,15.7609987,0.0124133527
753212400001428,0,58219.2283333,15.7550936,0.0124037927
753212400001428,0,58219.2485532,15.7567759,0.0124065047
753212400001428,0,58219.2564931,15.7795172,0.0124439551
753212400001428,0,58221.2136227,15.7626524,0.0124160461
753212400001428,0,58221.214537,15.7374411,0.0123757627
753212400001428,0,58221.2321991,15.7355642,0.0123728281
753212400001428,0,58221.2331481,15.7320929,0.012367432
753212400001428,0,58221.2721991,15.7386446,0.0123776449
753212400001428,0,58222.2525926,15.766818,0.012422869
753212400001428,32768,58224.2026389,15.7524157,0.0123994844
753212400001428,32768,58224.2035532,15.7489481,0.0123939374
753212400001428,32768,58224.2124306,15.7500916,0.0123957647
753212400001428,32768,58224.2133449,15.769352,0.0124270385
753212400001428,0,58226.2598264,15.7518139,0.0123985196
753212400001428,0,58227.2548958,15.7653513,0.0124204606
753212400001428,0,58227.2559028,15.7659903,0.0124215074
753212400001428,0,58231.1805671,15.7599993,0.0124117294
753212400001428,0,58231.2700579,15.7757301,0.0124376202
753212400001428,32768,58232.2018866,15.6482821,0.0122465035
753212400001428,0,58233.1871296,15.7746277,0.0124357818
753212400001428,0,58244.1845602,15.7674847,0.0124239642
753212400001428,32768,58245.1982407,15.6986446,0.0123170335
753212400001428,32768,58245.1997338,15.6141262,0.0122022042
753212400001428,0,58246.2173958,15.773447,0.0124338204
753212400001428,0,58247.2381481,15.763258,0.0124170361
753212400001428,0,58248.2408796,15.7753916,0.0124370549
753212400001428,0,58248.2437037,15.791955,0.0124650318
753212400001428,0,58250.2192708,15.7725592,0.012432348
753212400001428,0,58254.1765625,15.8007822,0.0124802534
753212400001428,0,58254.1850116,15.7633696,0.0124172186
753212400001428,0,58255.2430208,15.7563848,0.0124058751
753212400001428,0,58256.2808218,15.7789402,0.0124429874
753212400001428,0,58257.2382407,15.7764511,0.0124388235
753212400001428,0,58257.2409838,15.7940025,0.0124685448
753212400001428,0,58258.2034606,15.7900372,0.0124617526
753212400001428,32768,58259.2394907,15.6226778,0.0122130318
753212400001428,0,58260.1753819,15.7486696,0.0123934951
753212400001428,0,58260.1829745,15.7591209,0.0124103017
753212400001428,0,58262.1949537,15.7525034,0.012399626
753212400001428,0,58262.2453819,15.7825851,0.0124491127
753212400001428,0,58263.2219676,15.7687922,0.0124261184
753212400001428,0,58266.2534028,15.7695589,0.0124273831
753212400001428,0,58266.2543171,15.7621355,0.0124152061
753212400001428,0,58267.2826736,15.7811432,0.0124466876
753212400001428,0,58269.1789699,15.7562828,0.0124057084
753212400001428,0,58269.1803588,15.747221,0.0123911891
753212400001428,0,58271.1798958,15.760745,0.0124129383
753212400001428,0,58274.2027199,15.7893791,0.0124606313
753212400001428,0,58277.2578125,15.795022,0.0124702975
753212400001428,0,58278.2395255,15.7979326,0.0124753192
753212400001428,0,58279.1804745,15.7813759,0.0124470768
753212400001428,0,58280.1979745,15.7818718,0.0124479122
753212400001428,0,58281.201956,15.7775097,0.012440593
753212400001428,0,58282.1993634,15.768115,0.0124250026
753212400001428,0,58282.2017593,15.7646952,0.0124193868
753212400001428,0,58283.2165046,15.8021526,0.0124826375
753212400001428,0,58284.200706,15.7971678,0.0124739939
753212400001428,0,58288.2462153,15.781599,0.0124474512
753212400001428,0,58292.2403241,15.7496014,0.0123949787
753212400001428,0,58295.2375579,15.7853422,0.0124537721
753212400001428,0,58307.1785764,15.789444,0.012460744
753212400001428,0,58423.5321528,15.7378159,0.0123763485
753212400001428,0,58423.5330671,15.7153311,0.0123418113
753212400001428,0,58425.4882755,15.7745152,0.0124355974
753212400001428,0,58426.5082407,15.7717924,0.0124310767
753212400001428,0,58426.5120718,15.7524338,0.0123995133
753212400001428,0,58427.4763773,15.7166567,0.0123438118
753212400001428,0,58429.5267708,15.7393637,0.0123787718
753212400001428,0,58429.5281597,15.7319527,0.0123672169
753212400001428,0,58430.4881944,15.7133236,0.0123387929
753212400001428,0,58431.5381019,15.737772,0.0123762786
753212400001428,0,58432.5242477,15.7036839,0.0123244412
753212400001428,0,58432.5285069,15.7124653,0.0123375067
753212400001428,0,58434.490625,15.6941452,0.0123104723
753212400001428,0,58440.5552083,15.7049761,0.0123263523
753212400001428,0,58440.5572106,15.7106609,0.0123348078
753212400001428,32768,58441.5596065,15.715621,0.0123422518
753212400001428,0,58443.4294213,15.7150679,0.0123414183
753212400001428,0,58443.4307986,15.732872,0.0123686418
753212400001428,0,58447.4849653,15.7362299,0.0123738693
753212400001428,0,58447.4868171,15.7055683,0.0123272296
753212400001428,0,58448.4914583,15.7164564,0.0123435101
753212400001428,0,58448.5336921,15.7264566,0.0123587353
753212400001428,0,58449.5294676,15.7196302,0.0123483147
753212400001428,0,58455.4685185,15.7101612,0.0123340618
753212400001428,0,58455.5234028,15.7384367,0.0123773199
753212400001428,0,58461.5322338,15.7185602,0.0123466924
753212400001428,0,58461.5331713,15.7267132,0.0123591302
753212400001428,0,58465.4997338,15.7681799,0.0124251079
753212400001428,32768,58467.5326273,16.3511429,0.0139394505
753212400001428,0,58468.5064005,15.7329998,0.0123688402
753212400001428,0,58471.5367824,15.747426,0.0123915151
753212400001428,0,58471.5376968,15.7430611,0.0123845963
753212400001428,0,58472.5504167,15.7192278,0.0123477038
753212400001428,0,58486.492037,15.7352066,0.0123722712
753212400001428,0,58486.4929514,15.7563467,0.0124058137
753212400001428,0,58487.54125,15.7321329,0.0123674953
753212400001428,0,58491.5562847,15.7301741,0.0123644648
753212400001428,0,58491.5571991,15.7459373,0.0123891495
753212400001428,0,58492.4890278,15.7374268,0.0123757413
753212400001428,0,58493.5162616,15.7191334,0.0123475604
753212400001428,0,58494.4432755,15.7501411,0.0123958429
753212400001428,0,58494.4465278,15.7542992,0.0124025103
753212400001428,0,58502.5330903,15.7657204,0.0124210669
753212400001428,0,58502.5340046,15.7653017,0.0124203805
753212400001428,0,58503.4906944,15.7835035,0.0124506643
753212400001428,0,58505.5343287,15.7432775,0.012384939
753212400001428,0,58505.5352546,15.7709465,0.0124296742
753212400001428,0,58506.4330556,15.7446938,0.0123871788
753212400001428,0,58508.4807755,15.7471285,0.012391042
753212400001428,0,58508.4817245,15.7521591,0.0123990746
753212400001428,0,58509.4833218,15.7663212,0.0124220522
753212400001428,32768,58510.2826968,15.7550974,0.0124037983
753212400001428,32768,58512.4648032,15.4421062,0.0120193008
753212400001428,32768,58513.4440394,15.7413216,0.0123818535
753212400001428,32768,58514.40625,15.7456207,0.0123886466
753212400001428,32768,58514.4071644,15.7570848,0.0124070039
753212400001428,32768,58534.3628819,15.7562208,0.0124056088
753212400001428,32768,58538.223669,15.732152,0.0123675251
753212400001428,0,58557.2609144,15.8166828,0.01250822
753212400001428,0,58560.3447685,15.8210526,0.012516032
753212400001428,0,58567.2454167,15.8686771,0.0126047395
753212400001428,0,58572.278588,15.8505716,0.0125702349
753212400001428,32768,58575.2431713,15.8973074,0.0126612959
753212400001428,0,58580.2203819,15.8559084,0.0125803053
753212400001428,0,58584.3002431,15.8500576,0.0125692701
753212400001428,0,58587.2573264,15.8873768,0.0126414001
753212400001428,0,58591.3434722,15.8555794,0.0125796832
753212400001428,0,58594.1596759,15.8686228,0.0126046352
753212400001428,0,58597.3248495,15.8578339,0.0125839589
753212400001428,0,58606.1987037,15.8737087,0.0126145007
753212400001428,0,58606.1995949,15.8501692,0.0125694815
753212400001428,0,58608.2272106,15.8729658,0.0126130553
753212400001428,0,58612.2027546,15.9154434,0.0126984129
753212400001428,0,58612.2036806,15.8919554,0.0126505373
753212400001428,0,58616.1655208,15.8855648,0.0126378015
753212400001428,0,58617.2266667,15.9038925,0.0126746558
753212400001428,32768,58618.3004167,15.6709309,0.0122774411
753212400001428,0,58632.1847917,15.935585,0.0127408328
753212400001428,0,58633.1768519,15.9302464,0.0127294622
753212400001428,0,58633.1777894,15.9344854,0.0127384812
753212400001428,0,58634.1762037,15.943985,0.0127588976
753212400001428,0,58635.2417245,15.9040937,0.0126750665
753212400001428,0,58639.1837384,15.9314671,0.0127320541
753212400001428,0,58642.2205787,15.9512672,0.0127747441
753212400001428,0,58648.2035995,15.9823427,0.0128442841
753212400001428,0,58651.2387963,16.0041752,0.0128950365
753212400001428,0,58654.1804514,15.9498882,0.0127717294
753212400001428,0,58658.1854514,15.945322,0.012761795
753212400001428,0,58662.1814699,15.9567509,0.012786787
753212400001428,0,58667.2222569,15.9400492,0.0127504067
753212400001428,0,58670.1842593,15.9311533,0.0127313882
753212400001428,0,58673.2017361,16.002121,0.0128901945
753212400001428,0,58676.2010532,15.9576006,0.0127886636
753212400001428,0,58679.1992593,16.002449,0.0128909657
753212400001428,0,58770.4918866,16.0404472,0.0129829207
753212400001428,0,58776.5079745,16.0162106,0.0129236989
753212400001428,0,58785.5134375,16.0083961,0.0129050342
753212400001428,0,58789.5300116,15.988739,0.0128589924
753212400001428,0,58792.5106829,15.9941225,0.0128714722
753212400001428,32768,58801.5310185,16.0198116,0.0129323704
753212400001428,0,58804.5514815,15.983923,0.012847906
753212400001428,0,58812.5628935,15.9646311,0.0128042642
753212400001428,32768,58819.5142361,16.0696507,0.013056986
753212400001428,0,58828.4277315,15.914959,0.0126974061
753212400001428,0,58831.4522569,15.9443684,0.0127597293
753212400001428,0,58833.4533102,15.9252882,0.0127189858
753212400001428,0,58834.5097801,15.9431429,0.0127570769
753212400001428,0,58837.4649653,15.936553,0.0127429022
753212400001428,0,58846.4339583,15.9893579,0.0128604202
753212400001428,0,58846.4666204,15.9927769,0.0128683429
753212400001428,0,58846.4675579,15.9771652,0.0128324796
753212400001428,0,58849.4423032,15.9782887,0.0128350332
753212400001428,0,58849.443287,15.9738798,0.0128250346
753212400001428,0,58850.4953588,15.9723349,0.0128215449
753212400001428,0,58851.4548611,15.9700966,0.0128165046
753212400001428,0,58851.4922222,15.9749641,0.0128274858
753212400001428,0,58852.4451505,15.9879875,0.0128572546
753212400001428,0,58852.4530208,15.9520502,0.0127764577
753212400001428,0,58853.5483681,15.9691315,0.0128143374
753212400001428,0,58854.4726273,15.9632435,0.0128011713
753212400001428,0,58855.5289468,15.9615746,0.0127974609
753212400001428,0,58855.5298727,15.981741,0.0128429057
753212400001428,0,58859.2871412,15.9349928,0.0127395652
753212400001428,0,58859.455706,15.9759474,0.0128297135
753212400001428,0,58859.4566319,15.9998312,0.0128848115
753212400001428,0,58860.3048495,15.9340467,0.0127375443
753212400001428,0,58861.328044,15.9498062,0.0127715506
753212400001428,0,58862.3371759,15.9794674,0.0128377173
753212400001428,0,58862.414213,15.9307137,0.0127304532
753212400001428,0,58863.5476389,15.937254,0.0127444034
753212400001428,0,58864.3430093,15.936655,0.0127431173
753212400001428,0,58866.358125,15.9539642,0.0127806533
753212400001428,0,58866.3648495,15.9486809,0.0127690947
753212400001428,0,58867.3654977,15.9376812,0.0127453189
753212400001428,0,58871.4927662,15.943573,0.0127580082
753212400001428,0,58871.4936574,15.9399137,0.0127501134
753212400001428,0,58871.4959722,15.9430647,0.0127569074
753212400001428,0,58873.3243519,15.9378529,0.0127456859
753212400001428,0,58873.3258333,15.9414597,0.0127534429
753212400001428,0,58874.3217014,15.9388781,0.0127478857
753212400001428,0,58874.3237963,15.9271402,0.0127228918
753212400001428,0,58874.324838,15.9098387,0.0126868328
753212400001428,0,58875.2870718,15.9312887,0.0127316779
753212400001428,0,58875.2894676,15.938138,0.0127462959
753212400001428,0,58876.2787269,15.930481,0.0127299605
753212400001428,0,58876.284294,15.9389114,0.0127479574
753212400001428,0,58877.3023611,15.9392691,0.0127487266
753212400001428,0,58877.3039236,15.9334249,0.0127362208
753212400001428,0,58877.3048611,15.9204197,0.0127087738
753212400001428,0,58878.368588,15.9379635,0.0127459252
753212400001428,0,58878.3695255,15.9281473,0.0127250208
753212400001428,0,58879.367581,15.9009418,0.0126686534
753212400001428,0,58879.3695833,15.9294825,0.0127278464
753212400001428,0,58880.345625,15.9277287,0.0127241323
753212400001428,0,58880.3479745,15.925292,0.0127189951
753212400001428,0,58880.349375,15.9192991,0.0127064344
753212400001428,0,58881.3625579,15.9366961,0.0127432076
753212400001428,0,58881.3659259,15.9326773,0.0127346301
753212400001428,0,58883.5076852,15.9496994,0.0127713205
753212400001428,0,58883.508588,15.9271917,0.0127230007
753212400001428,0,58883.5132407,15.9303493,0.0127296839
753212400001428,0,58884.4888889,15.9222994,0.0127127087
753212400001428,0,58884.489838,15.9426165,0.0127559379
753212400001428,0,58885.2415509,15.9546423,0.0127821444
753212400001428,0,58885.2438079,15.9130888,0.0126935393
753212400001428,0,58886.2875463,15.9032583,0.0126733631
753212400001428,0,58886.2884838,15.9409533,0.0127523514
753212400001428,0,58886.2893866,15.9430304,0.0127568329
753212400001428,0,58888.4640394,15.9608736,0.0127959056
753212400001428,0,58888.4649421,15.9171972,0.0127020562
753212400001428,0,58890.4431829,15.9152584,0.0126980301
753212400001428,0,58890.4441667,15.9493685,0.0127705941
753212400001428,0,58891.3239468,15.9237013,0.0127156517
753212400001428,0,58891.3271991,15.9241657,0.0127166277
753212400001428,0,58891.331331,15.9119263,0.0126911355
753212400001428,0,58892.254375,15.9239721,0.0127162179
753212400001428,0,58892.2555787,15.9373121,0.0127445282
753212400001428,0,58893.301956,15.9198103,0.0127075016
753212400001428,0,58893.3088889,15.9506016,0.0127732893
753212400001428,0,58893.3284838,15.8985567,0.0126638208
753212400001428,0,58894.2595023,15.9250774,0.0127185425
753212400001428,0,58894.2604167,15.906002,0.012678965
753212400001428,0,58894.2613426,15.9211226,0.0127102453
753212400001428,0,58895.4484722,15.911231,0.0126897013
753212400001428,0,58895.449375,15.9284897,0.0127257435
753212400001428,0,58896.2967824,15.9165087,0.0127006238
753212400001428,0,58896.3090162,15.9162436,0.0127000744
753212400001428,0,58898.3492824,15.8949461,0.0126565369
753212400001428,0,58898.3502199,15.9431057,0.0127569987
753212400001428,0,58899.2841204,15.9306984,0.0127304243
753212400001428,0,58899.3418866,15.9123392,0.0126919886
753212400001428,0,58899.3427894,15.9116507,0.0126905655
753212400001428,0,58900.2395023,15.926321,0.0127211651
753212400001428,0,58900.2595949,15.9292717,0.0127273984
753212400001428,0,58900.2670023,15.9041348,0.0126751484
753212400001428,0,58903.401412,15.9193201,0.0127064791
753212400001428,0,58903.402338,15.9094219,0.0126859779
753212400001428,0,58904.237037,15.9343348,0.0127381608
753212400001428,0,58904.2420023,15.9116297,0.0126905255
753212400001428,0,58905.2377662,15.9231367,0.0127144642
753212400001428,0,58905.2397569,15.9351711,0.012739948
753212400001428,0,58906.2421528,15.9017744,0.0126703428
753212400001428,0,58906.2430556,15.9054365,0.0126778064
753212400001428,0,58911.2259606,15.9259462,0.0127203725
753212400001428,0,58911.2277894,15.9199514,0.0127077959
753212400001428,0,58912.4050579,15.9212189,0.0127104484
753212400001428,0,58912.4125231,15.915658,0.0126988599
753212400001428,0,58913.2082523,15.9334612,0.0127362972
753212400001428,0,58913.2186343,15.9228916,0.0127139511
753212400001428,0,58913.2196065,15.9177666,0.0127032427
753212400001428,0,58914.3831481,15.9414434,0.0127534075
753212400001428,0,58914.3840625,15.9346075,0.0127387438
753212400001428,0,58915.3860417,15.8845501,0.0126357917
753212400001428,0,58915.3869792,15.9176722,0.0127030425
753212400001428,32768,58917.4290509,16.0349655,0.0129693486
753212400001428,32768,58939.3635995,15.991024,0.012864274
753212400001428,32768,58939.3678704,15.9922085,0.0128670232
753212400001428,32768,58940.239838,15.9894943,0.0128607349
753212400001428,0,58941.2230903,15.9838839,0.0128478156
753212400001428,0,58944.1690162,15.9894114,0.012860545
753212400001428,0,58944.1708796,15.9343929,0.0127382865
753212400001428,0,58954.2110417,15.9928713,0.0128685618
753212400001428,0,58954.2119329,16.0005608,0.0128865242
753212400001428,0,58955.2255324,15.9651155,0.0128053464
753212400001428,0,58956.2596065,15.9677792,0.0128113013
753212400001428,0,58956.2796296,15.9676208,0.0128109464
753212400001428,0,58962.2577894,15.9630861,0.0128008211
753212400001428,0,58962.2629051,15.9900417,0.0128619997
753212400001428,0,58964.2447569,16.0058365,0.0128989657
753212400001428,32768,58966.2046875,15.9713249,0.0128192715
753212400001428,0,58967.1713657,15.9623041,0.0127990805
753212400001428,0,58968.1735301,15.9822273,0.0128440196
753212400001428,0,58968.1744907,15.950284,0.0127725927
753212400001428,0,58969.1875694,15.974143,0.0128256315
753212400001428,0,58971.1739352,15.996973,0.0128781209
753212400001428,0,58971.1748727,15.9772749,0.0128327282
753212400001428,0,58971.1833681,15.9539156,0.0127805509
753212400001428,0,58972.1806481,15.9727259,0.0128224287
753212400001428,0,58973.1818403,15.9540415,0.0127808237
753212400001428,0,58974.235162,15.9706907,0.0128178429
753212400001428,0,58974.2414005,15.9765882,0.0128311701
753212400001428,0,58975.1578472,15.9918356,0.0128661562
753212400001428,0,58976.2350116,15.9831886,0.0128462221
753212400001428,0,58976.2881597,15.9380941,0.0127462056
753212400001428,32768,58977.2143866,15.9812307,0.0128417388
753212400001428,0,58977.226875,15.9454393,0.0127620492
753212400001428,0,58978.2236458,15.9702539,0.0128168585
753212400001428,0,58980.2839815,16.0005398,0.0128864786
753212400001428,0,58980.2851968,15.9620485,0.0127985142
753212400001428,0,58981.2271181,15.9580708,0.0127896992
753212400001428,0,58986.2709606,15.9549332,0.0127827842
753212400001428,0,58987.1771296,15.9736338,0.0128244758
753212400001428,0,58991.2057639,15.9597378,0.0127933901
753212400001428,0,58991.206713,15.9509344,0.0127740167
753212400001428,0,58992.2481829,15.9570084,0.0127873551
753212400001428,0,58994.1956019,15.9406376,0.0127516706
753212400001428,0,58994.1965394,15.9214325,0.0127108945
753212400001428,0,58995.2448611,15.9495983,0.0127710979
753212400001428,0,58996.2600347,15.9730053,0.0128230574
753212400001428,0,58997.2712616,15.9552908,0.0127835711
753212400001428,0,58998.2275694,15.944643,0.0127603225
753212400001428,0,58999.2757639,15.9471264,0.0127657112
753212400001428,0,59004.247662,15.9486485,0.0127690258
753212400001428,0,59009.1847338,15.9741373,0.0128256176
753212400001428,0,59017.2422917,15.9589291,0.0127915982
753212400001428,0,59020.2401505,15.9376574,0.0127452677
753212400001428,0,59023.1850116,15.9646559,0.0128043192
753212400001428,0,59026.1996065,15.9507837,0.0127736833
753212400001428,0,59032.2195602,16.0022545,0.0128905075
753212400001428,0,59040.1845718,15.9724035,0.0128216986
753212400001428,0,59040.189537,15.9482365,0.0127681317
753212400001428,32768,59040.1945023,16.0194664,0.0129315406
753212400001428,0,59042.1755787,15.9874239,0.0128559526
753212400001428,0,59042.1804861,15.9699383,0.012816146
753212400001428,0,59042.1854051,16.0146332,0.0129199158
753212400001428,0,59042.1903241,15.9503622,0.0127727669
753212400001428,0,59044.1752546,15.9886351,0.0128587484
753212400001428,0,59044.1802315,16.0005493,0.0128865009
753212400001428,0,59044.1852199,15.9789267,0.0128364833
753212400001428,0,59044.1902083,15.9732771,0.0128236702
753212400001428,0,59046.1703588,15.9838467,0.01284773
753212400001428,0,59046.1753009,15.9691248,0.0128143206
753212400001428,0,59046.1802315,15.9784527,0.0128354067
753212400001428,0,59046.1851736,16.010746,0.012910624
753212400001428,0,59048.1686343,15.970623,0.0128176901
753212400001428,0,59048.1735764,16.0236225,0.012941597
753212400001428,0,59048.1785301,15.9966536,0.0128773749
753212400001428,0,59048.1834606,16.0304031,0.0129581317
753212400001428,0,59050.1671065,16.0096207,0.0129079456
753212400001428,0,59050.172037,15.992425,0.0128675262
753212400001428,0,59050.1769676,16.0017853,0.0128894057
753212400001428,0,59050.1818981,15.9944763,0.0128722927
753212400001428,0,59052.165625,16.0202026,0.0129333166
753212400001428,0,59052.1782639,15.9947176,0.012872857
753212400001428,0,59052.1831019,16.0094585,0.0129075581
753212400001428,0,59052.1879398,15.9878941,0.0128570385
753212400001428,0,59053.1719907,15.9778433,0.0128340209
753212400001428,0,59053.1724537,15.9966793,0.0128774308
753212400001428,0,59054.1793634,15.9982166,0.0128810285
753212400001428,0,59054.1798264,16.0235519,0.0129414266
753212400001428,0,59055.1617824,16.0280876,0.0129524712
753212400001428,0,59056.1701505,16.019104,0.0129306661
753212400001428,0,59056.1750347,15.9668579,0.0128092365
753212400001428,0,59056.179919,16.0109329,0.0129110701
753212400001428,0,59056.1847917,15.9964619,0.012876926
753212400001428,0,59140.531169,16.087923,0.0131048728
753212400001428,0,59142.5346412,16.0474091,0.0130003067
753212400001428,0,59144.535162,16.0890236,0.0131077943
753212400001428,32768,59146.5290394,16.0371246,0.0129746795
753212400001428,0,59150.5337269,16.1004562,0.013138419
753212400001428,0,59152.4895718,16.0870285,0.0131025026
753212400001428,0,59155.4763542,16.0938644,0.0131207034
753212400001428,0,59157.4965162,16.0923653,0.0131166987
753212400001428,0,59159.4944444,16.1152954,0.0131788794
753212400001428,0,59165.4316551,16.1158676,0.0131804543
753212400001428,0,59168.4473958,16.1414318,0.01325214
753212400001428,0,59170.5496528,16.1652222,0.0133210793
753212400001428,0,59173.5171181,16.155468,0.0132925501
753212400001428,32768,59175.5132523,16.1729507,0.0133439507
753212400001428,0,59177.4992593,16.1473751,0.0132691571
753212400001428,0,59181.4995602,16.1812725,0.013368831
753212400001428,0,59183.5125579,16.1948624,0.0134100551
753212400001428,0,59185.5321528,16.1870823,0.0133863669
753212400001428,0,59187.4650463,16.2190647,0.0134853069
753212400001428,32768,59192.3685995,16.2616081,0.0136234062
753212400001428,0,59193.4096296,16.2151184,0.0134728728
753212400001428,0,59194.4941088,16.2325211,0.0135281766
753212400001428,0,59198.4721528,16.2330704,0.0135299433
753212400001428,0,59200.512037,16.2581139,0.0136117777
753212400001428,0,59203.4871759,16.2644691,0.0136329643
753212400001428,0,59215.4677894,16.3132,0.0138011891
753212400001428,0,59217.3934028,16.2891655,0.0137169324
753212400001428,0,59219.4658565,16.2869415,0.013709262
753212400001428,0,59221.4059606,16.3015251,0.0137599474
753212400001428,0,59223.4781713,16.3115196,0.0137952203
753212400001428,0,59225.4044097,16.2994881,0.0137528116
753212400001428,0,59227.3751273,16.339344,0.0138957575
753212400001428,0,59229.4134838,16.2883682,0.0137141803
753212400001428,0,59231.4743981,16.3264961,0.0138489045
753212400001428,0,59250.3839468,16.3264923,0.0138488915
753212400001428,0,59252.3235301,16.3226681,0.0138350874
753212400001428,0,59254.3915046,16.3065338,0.0137775652
753212400001428,0,59256.3876505,16.3238029,0.0138391769
753212400001428,0,59258.3463657,16.3345184,0.0138780698
753212400001428,0,59262.3441782,16.3454304,0.0139182182
753212400001428,0,59264.3676389,16.2831192,0.0136961322
753212400001428,0,59266.3300926,16.3194923,0.0138236741
753212400001428,0,59268.3473148,16.341259,0.0139028085
753212400001428,32768,59269.325162,16.3510723,0.0139391907
753212400001428,0,59269.3817014,16.3112049,0.0137941008
753212400001428,0,59270.1610764,16.3477402,0.0139267882
753212400001428,0,59270.3493403,16.3484535,0.013929436
753212400001428,0,59270.3502778,16.3264751,0.0138488254
753212400001428,0,59271.2820833,16.3126144,0.0137991076
753212400001428,0,59272.2429282,16.3150787,0.0138078826
753212400001428,0,59272.3204051,16.3456669,0.0139190927
753212400001428,0,59273.2187731,16.3408585,0.0139013352
753212400001428,0,59274.3633102,16.3675346,0.0140012102
753212400001428,0,59274.409294,16.3204613,0.013827146
753212400001428,0,59275.348669,16.3294106,0.0138594685
753212400001428,0,59276.3047685,16.3392086,0.0138952639
753212400001428,0,59276.40375,16.3483047,0.0139288828
753212400001428,0,59278.1725116,16.3575211,0.0139633343
753212400001428,0,59280.2675694,16.3577995,0.0139643829
753212400001428,0,59280.2793171,16.354248,0.0139510585
753212400001428,0,59280.3027894,16.3359947,0.0138834743
753212400001428,32768,59281.2397222,16.3727684,0.0140211983
753212400001428,0,59290.2651389,16.3463593,0.0139216613
753212400001428,0,59290.3619097,16.349226,0.013932311
753212400001428,0,59291.2435532,16.3701611,0.0140112275
753212400001428,0,59291.3598148,16.338974,0.0138944006
753212400001428,0,59292.2603935,16.3409843,0.0139017943
753212400001428,0,59292.342581,16.3590736,0.0139691802
753212400001428,0,59292.3609838,16.3280449,0.013854512
753212400001428,0,59293.2201736,16.3533363,0.0139476443
753212400001428,0,59293.2657176,16.3423557,0.0139068533
753212400001428,0,59294.213669,16.3596973,0.013971529
753212400001428,0,59295.2666435,16.3527431,0.0139454249
753212400001428,0,59295.2671065,16.3633213,0.0139852185
753212400001428,0,59297.2278935,16.35326,0.0139473602
753212400001428,0,59297.2663194,16.3805504,0.0140511468
753212400001428,0,59297.2789005,16.3613205,0.0139776533
753212400001428,32768,59298.1673727,16.3426666,0.0139080025
753212400001428,0,59298.4154977,16.3683014,0.0140041355
753212400001428,0,59301.3015162,16.3717461,0.0140172811
753212400001428,0,59303.3480671,16.3842525,0.014065491
753212400001428,0,59306.2533449,16.3744965,0.01402782
753212400001428,0,59307.2370949,16.3297195,0.0138605898
753212400001428,0,59307.2380324,16.3691635,0.0140074193
753212400001428,0,59308.2818287,16.3291817,0.0138586368
753212400001428,0,59309.241169,16.3452797,0.013917665
753212400001428,0,59309.2421181,16.3254261,0.0138450321
753212400001428,0,59310.3211111,16.3676949,0.014001824
753212400001428,0,59311.1761111,16.3562622,0.0139586041
753212400001428,0,59311.1770602,16.3642673,0.0139888069
753212400001428,0,59312.2817593,16.3446522,0.0139153358
753212400001428,0,59313.2216319,16.3553543,0.013955202
753212400001428,0,59313.2225694,16.3190613,0.0138221271
753212400001428,0,59314.2790972,16.3492393,0.0139323585
753212400001428,32768,59315.2412731,16.3411293,0.0139023308
753212400001428,0,59317.2006597,16.3302345,0.0138624599
753212400001428,0,59322.2684375,16.3350296,0.0138799399
753212400001428,0,59324.2164352,16.3201218,0.0138259316
753212400001428,0,59328.2359954,16.3324089,0.0138703762
753212400001428,0,59329.2414699,16.3555183,0.0139558148
753212400001428,0,59334.2615741,16.327404,0.0138521865
753212400001428,0,59335.1964352,16.3401184,0.0138986083
753212400001428,0,59336.302419,16.3232613,0.0138372211
753212400001428,0,59336.3053588,16.3377647,0.0138899619
753212400001428,0,59338.2434028,16.3425903,0.0139077203
753212400001428,0,59338.2443403,16.3361855,0.0138841728
753212400001428,0,59339.2627662,16.3435631,0.0139113124
753212400001428,0,59340.283831,16.3223457,0.0138339233
753212400001428,0,59340.2847685,16.337616,0.0138894161
753212400001428,0,59341.2013889,16.349165,0.0139320837
753212400001428,0,59342.2821528,16.3521843,0.0139433416
753212400001428,0,59343.1976736,16.3479233,0.0139274653
753212400001428,0,59344.2122801,16.3535633,0.0139484918
753212400001428,0,59344.2141667,16.3375816,0.0138892876
753212400001428,0,59345.2079051,16.3102837,0.0137908319
753212400001428,0,59346.3051157,16.3003197,0.0137557164
753212400001428,0,59346.3060532,16.3294868,0.013859746
753212400001428,0,59348.1990394,16.3325424,0.0138708632
753212400001428,0,59348.1999769,16.2969246,0.0137438523
753212400001428,0,59349.1801505,16.3207321,0.0138281258
753212400001428,0,59349.181088,16.3242607,0.0138408281
753212400001428,0,59350.2225926,16.3255863,0.0138456142
753212400001428,0,59350.2235301,16.3422852,0.0139065934
753212400001428,0,59352.2466898,16.3430367,0.013909366
753212400001428,0,59353.1814699,16.3233948,0.0138377016
753212400001428,0,59353.1824074,16.3266163,0.0138493413
753212400001428,0,59354.2470833,16.3480186,0.0139278201
753212400001428,0,59355.195787,16.3355331,0.0138817849
753212400001428,0,59355.1967245,16.3349838,0.0138797751
753212400001428,0,59356.2414931,16.35075,0.0139379837
753212400001428,0,59358.2142824,16.3276043,0.013852912
753212400001428,0,59358.2152315,16.3576355,0.0139637636
753212400001428,0,59359.2034375,16.3565331,0.0139596257
753212400001428,0,59361.1830671,16.3158646,0.0138106868
753212400001428,0,59361.1866667,16.3417244,0.0139045231
753212400001428,0,59363.1857986,16.3385849,0.0138929738
753212400001428,0,59363.1867361,16.3346176,0.0138784396
753212400001428,0,59366.2011458,16.3339882,0.0138761383
753212400001428,0,59367.2174537,16.3161278,0.0138116283
753212400001428,0,59367.2183912,16.3325825,0.0138710048
753212400001428,0,59369.2005324,16.3580856,0.0139654577
753212400001428,0,59371.2228125,16.3310928,0.0138655817
753212400001428,0,59373.2195833,16.3366318,0.0138858045
753212400001428,0,59375.2246181,16.3322086,0.0138696451
753212400001428,0,59385.2246065,16.3391266,0.0138949603
753212400001428,0,59412.1789815,16.3321857,0.013869565
753212400001428,0,59412.179919,16.324028,0.0138399843
753212400001428,0,59412.1808681,16.3065529,0.0137776332
753212400001428,0,59412.1818056,16.3357334,0.0138825187
753212400001428,0,59412.1827431,16.3619003,0.013979842
753212400001428,32768,59418.1666551,16.3378181,0.0138901528
753212400001428,0,59418.1690741,16.2959652,0.0137405144
753212400001428,32768,59418.1715046,16.364624,0.0139901573
753212400001428,0,59418.1739236,16.2822685,0.0136932153
753212400001428,0,59418.1758565,16.3307304,0.0138642639
753212400001428,0,59419.1646991,16.3486137,0.0139300302
753212400001428,0,59419.1670602,16.3336964,0.0138750719
753212400001428,0,59419.1694329,16.2862701,0.0137069514
753212400001428,0,59419.171794,16.3172569,0.0138156638
753212400001428,0,59419.1741667,16.3034115,0.0137665672
753212400001428,0,59423.1618634,16.310463,0.0137914671
753212400001428,0,59423.1642361,16.3479443,0.0139275454
753212400001428,0,59423.1665972,16.3085632,0.0137847392
753212400001428,0,59423.1689699,16.2995033,0.0137528656
753212400001428,0,59423.171331,16.2981205,0.013748032
753212400001428,0,59424.1607755,16.3239422,0.0138396742
753212400001428,0,59424.1631481,16.3222885,0.0138337174
753212400001428,0,59424.1655093,16.2946281,0.0137358587
753212400001428,0,59424.1678819,16.3380203,0.0138908979
753212400001428,0,59424.1702546,16.2670021,0.0136414571
753212400001428,32768,59425.1648611,15.9629612,0.0128005454
753212400001428,32768,59425.1672338,17.1779137,0.0190583523
753212400001428,32768,59425.1695949,16.5106773,0.0145958178
753212400001428,0,59427.1587847,16.3148384,0.0138070295
753212400001428,0,59427.1611458,16.331356,0.0138665438
753212400001428,0,59427.1635185,16.3475437,0.0139260581
753212400001428,0,59427.1658796,16.3316498,0.0138676083
753212400001428,0,59427.1682523,16.2948322,0.0137365684
753212400001428,0,59428.1581019,16.3467827,0.0139232287
753212400001428,0,59428.160463,16.3613701,0.0139778387
753212400001428,0,59428.1628241,16.3260498,0.0138472868
753212400001428,0,59428.1651968,16.3079967,0.0137827313
753212400001428,0,59428.1675579,16.3390579,0.013894707
753212400001428,0,59509.4740162,16.3175125,0.013816582
753212400001428,0,59518.5225231,16.3167343,0.0138137965
753212400001428,0,59522.4977315,16.3042316,0.0137694534
753212400001428,0,59524.4749306,16.3111992,0.0137940804
753212400001428,0,59526.5183449,16.3136616,0.0138028329
753212400001428,0,59529.4945255,16.3045311,0.0137705058
753212400001428,0,59531.4480787,16.3006668,0.0137569383
753212400001428,0,59536.511088,16.3310738,0.0138655147
753212400001428,32768,59537.5055556,16.3522987,0.0139437681
753212400001428,0,59540.53,16.3255386,0.0138454419
753212400001428,0,59550.509537,16.2587051,0.0136137418
753212400001428,0,59600.3002546,16.2858868,0.0137056299
753212400001428,0,59600.5057407,16.2930908,0.0137305157
753212400001428,0,59621.4570139,16.3395653,0.0138965743
753212400001428,0,59622.3720949,16.3375092,0.0138890212
753212400001428,0,59622.4492477,16.3390121,0.0138945403
753212400001428,0,59622.4877199,16.3565979,0.0139598669
753212400001428,0,59623.2647106,16.3951664,0.0141081717
753212400001428,0,59623.3818634,16.3216133,0.0138312913
753212400001428,0,59624.3494097,16.3746014,0.0140282223
753212400001428,0,59624.3899769,16.348793,0.0139306998
753212400001428,0,59624.428912,16.3657475,0.0139944172
753212400001428,0,59625.1606481,16.377182,0.0140381455
753212400001428,0,59625.4796065,16.3500023,0.0139351999
753212400001428,0,59627.3718981,16.3731461,0.0140226455
753212400001428,0,59627.5349884,16.3731461,0.0140226455
753212400001428,0,59628.4554167,16.3571815,0.0139620611
753212400001428,0,59629.3479398,16.3556843,0.0139564415
753212400001428,0,59629.5139815,16.3312798,0.0138662644
753212400001428,32768,59630.1781134,16.2799721,0.0136853689
753212400001428,0,59630.4858102,16.3552971,0.0139549887
753212400001428,0,59636.3436227,16.3695526,0.014008902
753212400001428,0,59636.4088079,16.3679161,0.0140026631
753212400001428,0,59636.4097685,16.3468552,0.0139234988
753212400001428,32768,59637.3326042,16.3527184,0.0139453355
753212400001428,0,59638.3921528,16.369318,0.0140080051
753212400001428,0,59638.4726273,16.3575554,0.0139634637
753212400001428,0,59639.2359375,16.3757591,0.0140326759
753212400001428,0,59640.2682407,16.368515,0.0140049476
753212400001428,0,59640.3885301,16.3775463,0.0140395518
753212400001428,0,59640.4043056,16.3762436,0.0140345339
753212400001428,0,59641.2530093,16.3544521,0.0139518194
753212400001428,0,59641.324294,16.3561058,0.0139580201
753212400001428,0,59671.3472338,16.3249645,0.0138433659
753212400001428,0,59674.3247685,16.3280697,0.0138546024
753212400001428,0,59676.3709144,16.2903233,0.0137209324
753212400001428,0,59680.2389583,16.3150291,0.0138077093
753212400001428,0,59683.3599884,16.2821236,0.0136927171
753212400001428,0,59685.2389931,16.2902145,0.013720558
753212400001428,0,59688.3381713,16.2958927,0.0137402602
753212400001428,0,59690.2405787,16.2840919,0.0136994673
753212400001428,0,59694.236956,16.3037796,0.0137678636
753212400001428,0,59696.2436227,16.2728081,0.0136610214
753212400001428,0,59699.2678704,16.2971439,0.0137446187
753212400001428,0,59701.2230787,16.2552719,0.0136023602
753212400001428,0,59707.1818519,16.2785492,0.0136805139
753212400001428,0,59707.2177546,16.3150024,0.0138076106
753212400001428,0,59709.1806597,16.266674,0.0136403507
753212400001428,0,59709.2395833,16.3035564,0.0137670804
753212400001428,0,59711.2817708,16.2919121,0.0137264347
753212400001428,0,59715.2051505,16.2950954,0.0137374839
753212400001428,0,59718.2653588,16.2534199,0.0135962386
753212400001428,0,59724.2403588,16.2529087,0.0135945501
753212400001428,0,59726.1863194,16.2741184,0.0136654573
753212400001428,0,59731.2901389,16.2299805,0.0135200256
753212400001428,0,59733.2218519,16.2598209,0.0136174532
753212400001428,0,59736.2004745,16.2287064,0.0135159474
753212400001428,0,59738.2425,16.243721,0.0135644237
753212400001428,0,59740.1993171,16.2610054,0.0136213927
753212400001428,0,59742.246794,16.2552299,0.0136022149
753212400001428,32768,59888.4719792,16.2153473,0.0134735927
753212400001428,0,59893.4892014,16.2327347,0.0135288611
753212400001428,0,59897.4018634,16.2033577,0.0134362029
753212400001428,0,59899.4732986,16.1798363,0.0133645209
753212400001428,0,59903.4748032,16.2118912,0.013462754
753212400001428,0,59905.4276389,16.2052956,0.0134422034
753212400001428,32768,59908.4889699,16.3022614,0.0137625253
753212400001428,0,59910.5302894,16.1964226,0.0134148356
753212400001428,0,59914.5076736,16.1676121,0.0133281257
753212400001428,0,59923.4537153,16.1914024,0.0133994929
753212400001428,0,59930.5205787,16.13591,0.0132364491
753212400001428,32768,59933.4912847,16.1371136,0.0132398568
753212400001428,0,59935.4253356,16.1422348,0.0132544292
753212400001428,32768,59937.3519329,16.2181129,0.0134822996
753212400001428,0,59957.4732755,16.127758,0.0132134892
753212400001428,0,59966.3854861,16.0836983,0.0130936941
753212400001428,0,59968.3657176,16.0771217,0.0130764199
753212400001428,0,59970.3702894,16.067585,0.0130516486
753212400001428,0,59972.3883449,16.0722504,0.0130637279
753212400001428,0,59979.4054051,16.0651684,0.0130454227
753212400001428,0,59985.3300926,16.0694141,0.0130563779
753212400001428,32768,59992.3298843,16.1504784,0.0132780969
753212400001428,0,59994.353287,16.1010704,0.0131400768
753212400001428,32768,60017.3708565,16.1347446,0.0132331485
753212400001428,32768,60021.2241667,16.5905399,0.0149738593
753212400001428,0,60031.3370023,16.2926331,0.0137289288
753212400001428,0,60042.3216782,16.1022911,0.0131433764
753212400001428,0,60044.1936574,16.0630379,0.0130399512
753212400001428,0,60050.2340972,16.060051,0.0130323069
753212400001428,0,60052.2091204,16.0551529,0.013019843
753212400001428,0,60058.1949306,16.0321159,0.0129623348
753212400001428,0,60060.2465162,16.0266647,0.0129489964
753212400001428,0,60076.3542824,16.0197945,0.0129323304
753212400001428,0,60084.1983796,15.9907341,0.0128636034
753212400001428,32768,60086.1773148,15.9635944,0.0128019545
753212400001428,0,60087.1994329,15.9734907,0.0128241526
753212400001428,0,60089.2374537,15.9943256,0.0128719453
753212400001428,0,60092.27875,15.9965229,0.0128770685
753212400001428,0,60097.2205093,15.9977598,0.0128799621
753212400001428,32768,60099.3158102,15.9775429,0.0128333392
753212400001428,32768,60102.193912,15.9908886,0.0128639638
753212400001428,32768,60105.2564236,15.9930763,0.0128690377
753212400001428,32768,60115.2246991,15.9873486,0.0128557803
753212400001428,32768,60117.201713,16.0132561,0.012916619
1790203200007002,0,58224.2489931,15.7862492,0.0155273248
1790203200007002,0,58439.3982986,15.7100754,0.0154079888
1790203200007002,32768,58442.3952083,15.4984608,0.0151529517
1790203200007002,0,58448.4583912,15.7077274,0.0154045559
1790203200007002,0,58449.4311111,15.7283897,0.0154352561
1790203200007002,0,58468.5202315,15.7486658,0.0154664842
1790203200007002,0,58476.4497222,15.7435837,0.0154585503
1790203200007002,0,58481.4641088,15.7134838,0.0154129975
1790203200007002,32768,58492.4545949,15.7142248,0.015414088
1790203200007002,0,58493.4479398,15.7917118,0.0155364908
1790203200007002,0,58509.4626736,15.7603273,0.0154849458
1790203200007002,32768,58512.5152315,15.8480682,0.0156360567
1790203200007002,0,58534.3330093,15.775404,0.0155093661
1790203200007002,0,58540.2393056,15.8013258,0.0155528318
1790203200007002,0,58557.2690162,15.7975712,0.0155464178
1790203200007002,0,58558.2046875,15.7975388,0.0155463647
1790203200007002,32768,58574.2117014,15.8778067,0.0156923551
1790203200007002,0,58582.1992708,15.8244963,0.0155932978
1790203200007002,32768,58589.2042245,15.7886324,0.0155313127
1790203200007002,0,58592.2840046,15.854619,0.0156482346
1790203200007002,0,58593.2638889,15.8424988,0.0156258047
1790203200007002,0,58606.239375,15.8839235,0.0157042649
1790203200007002,0,58618.2034144,15.9150257,0.0157666039
1790203200007002,0,58771.5046528,15.9886665,0.0159264877
1790203200007002,0,58771.5051042,16.0222626,0.0160054024
1790203200007002,0,58806.5522685,15.9887848,0.0159267578
1790203200007002,0,58806.5527199,15.9484501,0.0158369932
1790203200007002,0,58833.4342593,15.9461956,0.0158321336
1790203200007002,0,58833.435162,15.9702368,0.0158848148
1790203200007002,0,58851.4539583,15.9890938,0.0159274656
1790203200007002,0,58851.4544097,15.9982986,0.0159487203
1790203200007002,0,58859.2853125,15.9337683,0.0158056375
1790203200007002,0,58859.2857639,15.9697256,0.0158836748
1790203200007002,0,58860.3057523,15.9548845,0.0158509538
1790203200007002,0,58860.3062037,15.9474096,0.0158347469
1790203200007002,0,58893.3289352,15.9579229,0.015857596
1790203200007002,0,58893.329838,15.9126625,0.0157617629
1790203200007002,0,58899.2914468,15.9135103,0.0157634988
1790203200007002,0,58899.2918981,15.9173117,0.0157713052
1790203200007002,0,58900.2390509,15.9256659,0.0157886278
1790203200007002,0,58971.1609144,15.9540253,0.0158490837
1790203200007002,0,58971.1618519,15.9637623,0.0158704408
1790203200007002,0,58972.2037963,15.9347801,0.0158077758
1790203200007002,0,58972.2042593,15.9347067,0.0158076212
1790203200007002,0,58976.2872222,15.9673548,0.015878398
1790203200007002,0,58976.2876968,15.9696236,0.0158834439
1790203200007002,0,59053.1710532,16.0343418,0.0160347242
1790203200007002,0,59053.1715162,16.0222244,0.0160053112
1790203200007002,0,59054.1784259,15.9750462,0.0158955771
1790203200007002,0,59054.1788889,16.043438,0.0160571393
1790203200007002,0,59055.1613079,16.0701218,0.0161245912
1790203200007002,0,59164.5439583,16.1278934,0.0162795242
1790203200007002,0,59181.3745718,16.1647873,0.0163850635
1790203200007002,0,59181.3750347,16.1273651,0.0162780527
