714213400000325,32768,58215.2488426,17.4696465,0.0265187286
714213400000325,32768,58215.2498264,17.4472084,0.0261858106
714213400000325,0,58216.2341782,17.5413246,0.0276360027
714213400000325,0,58217.2343056,17.5240746,0.0273594633
714213400000325,32768,58217.2694907,17.6143951,0.0288632493
714213400000325,0,58218.2479051,17.5383244,0.0275875498
714213400000325,0,58218.2488194,17.5371857,0.0275692046
714213400000325,0,58218.2689699,17.534462,0.0275253989
714213400000325,0,58218.2963542,17.5358353,0.0275474675
714213400000325,0,58218.2972801,17.5525703,0.0278189331
714213400000325,0,58219.2200926,17.5166245,0.0272415653
714213400000325,0,58219.2315741,17.5557919,0.0278717466
714213400000325,0,58219.2541088,17.5394497,0.027605705
714213400000325,0,58221.2154745,17.4817505,0.0267015826
714213400000325,0,58221.2514815,17.4846039,0.0267450344
714213400000325,0,58221.2523958,17.5069389,0.0270896237
714213400000325,0,58222.2530671,17.4911766,0.0268456191
714213400000325,32768,58224.2147338,17.5653877,0.0280300435
714213400000325,0,58224.2275231,17.5055618,0.0270681474
714213400000325,0,58224.2431481,17.5206375,0.0273049567
714213400000325,0,58224.247662,17.5027657,0.027024623
714213400000325,0,58224.2856829,17.4794445,0.0266665742
714213400000325,0,58224.2866319,17.5383148,0.027587397
714213400000325,0,58226.2593519,17.4664021,0.0264701005
714213400000325,0,58231.1856944,17.4252319,0.0258672982
714213400000325,0,58231.278588,17.3916435,0.0253945999
714213400000325,0,58233.1947685,17.3797874,0.0252317581
714213400000325,0,58233.1956829,17.436903,0.0260355435
714213400000325,0,58242.2610648,17.4056282,0.0255893543
714213400000325,0,58242.2620139,17.3919258,0.0253985059
714213400000325,0,58243.18125,17.3730049,0.0251395106
714213400000325,0,58244.1808102,17.3523903,0.0248632506
714213400000325,32768,58245.1786343,17.3216667,0.0244627576
714213400000325,0,58245.1795486,17.2910843,0.0240771752
714213400000325,0,58246.2169213,17.3045197,0.024244979
714213400000325,0,58247.2367361,17.3850517,0.0253038127
714213400000325,0,58248.2422917,17.3603897,0.0249697361
714213400000325,0,58248.2432292,17.3820534,0.025262706
714213400000325,32768,58249.2372338,17.492588,0.0268673059
714213400000325,0,58250.2187963,17.3674431,0.0250643604
714213400000325,0,58254.1978819,17.3924294,0.0254054628
714213400000325,0,58254.1992824,17.4049358,0.025579663
714213400000325,0,58255.2425463,17.3337421,0.0246185809
714213400000325,0,58256.2466782,17.4005432,0.0255182106
714213400000325,0,58256.2803588,17.3871155,0.0253321659
714213400000325,0,58257.2156944,17.3604622,0.0249706879
714213400000325,0,58257.2358912,17.3784637,0.0252136905
714213400000325,0,58258.2039236,17.3771362,0.025195621
714213400000325,32768,58259.2369907,17.2148056,0.023170108
714213400000325,0,58260.2004167,17.3956242,0.0254497379
714213400000325,0,58262.1983796,17.398262,0.0254864115
714213400000325,0,58262.2487153,17.331789,0.0245932527
714213400000325,0,58263.2292708,17.3805885,0.0252426956
714213400000325,0,58266.2524769,17.4213295,0.0258115176
714213400000325,0,58266.2547917,17.3882923,0.0253483597
714213400000325,0,58267.2878704,17.4593239,0.026364604
714213400000325,0,58269.1784954,17.3840218,0.0252896827
714213400000325,0,58269.1794329,17.4215698,0.0258149374
714213400000325,0,58271.1803704,17.3641758,0.0250204504
714213400000325,0,58272.1801968,17.4376392,0.0260462165
714213400000325,0,58272.1811343,17.4321918,0.0259673875
714213400000325,0,58274.2022454,17.4043846,0.0255719181
714213400000325,0,58277.2407523,17.3781929,0.0252100043
714213400000325,0,58278.2390509,17.4295998,0.0259300172
714213400000325,0,58279.1738773,17.4198017,0.025789734
714213400000325,0,58279.1851505,17.4069595,0.0256080534
714213400000325,0,58280.1759144,17.4427128,0.0261200536
714213400000325,0,58281.2028819,17.399662,0.0255059283
714213400000325,0,58282.1965509,17.3914337,0.025391696
714213400000325,0,58282.1984375,17.4126034,0.0256876014
714213400000325,0,58283.1991319,17.3789444,0.0252202395
714213400000325,0,58284.2016319,17.4166679,0.0257451683
714213400000325,0,58288.2466782,17.389492,0.0253648888
714213400000325,0,58292.237581,17.3821144,0.0252635572
714213400000325,0,58295.2394907,17.3850594,0.0253039077
714213400000325,0,58298.2575926,17.4299507,0.0259350799
714213400000325,0,58304.182037,17.445076,0.0261545982
714213400000325,0,58423.5316898,17.448761,0.0262086056
714213400000325,0,58423.5400231,17.451458,0.0262482632
714213400000325,0,58425.476956,17.4492245,0.0262154192
714213400000325,0,58426.5351273,17.4661255,0.0264659636
714213400000325,0,58426.5360417,17.4435444,0.0261322018
714213400000325,0,58427.4915856,17.4212475,0.025810346
714213400000325,32768,58429.5263079,17.4286842,0.0259168446
714213400000325,0,58429.5272338,17.3805027,0.025241524
714213400000325,0,58430.4849421,17.4969406,0.0269343816
714213400000325,0,58431.5385648,17.4127769,0.0256900433
714213400000325,0,58432.5441435,17.4893456,0.0268175323
714213400000325,0,58432.5524884,17.4973679,0.0269409753
714213400000325,0,58434.486875,17.3590527,0.024951864
714213400000325,0,58438.5248032,17.4497643,0.0262233336
714213400000325,0,58440.5260417,17.4852333,0.0267546419
714213400000325,32768,58441.5363773,17.480278,0.0266792178
714213400000325,0,58442.5282639,17.5032482,0.0270321313
714213400000325,0,58443.4503588,17.5013428,0.0270025413
714213400000325,0,58443.4513194,17.4928589,0.026871467
714213400000325,0,58447.4845023,17.4727287,0.0265650619
714213400000325,0,58447.4872801,17.4525757,0.026264742
714213400000325,0,58448.5039583,17.4580898,0.0263462774
714213400000325,0,58448.5500116,17.4722424,0.0265577417
714213400000325,0,58449.5284838,17.4533501,0.0262761544
714213400000325,0,58455.4657639,17.4661789,0.0264667645
714213400000325,32768,58455.5272569,17.4894333,0.026818864
714213400000325,0,58461.5340972,17.4248333,0.0258615948
714213400000325,0,58461.5350231,17.4259968,0.0258782655
714213400000325,0,58465.5088194,17.5362587,0.0275542736
714213400000325,32768,58467.5340394,17.3462353,0.0247819517
714213400000325,0,58468.5049884,17.5251045,0.0273758378
714213400000325,0,58471.551412,17.5419941,0.0276468229
714213400000325,0,58472.5527199,17.5238743,0.02735628
714213400000325,0,58476.5263889,17.5845242,0.0283504408
714213400000325,0,58486.5112384,17.5897217,0.0284385514
714213400000325,0,58486.5122106,17.589674,0.028437743
714213400000325,0,58487.540787,17.5991936,0.0286003333
714213400000325,0,58491.5359144,17.5917358,0.0284728296
714213400000325,0,58491.5368287,17.6467705,0.0294368658
714213400000325,32768,58492.4871759,17.6461411,0.0294255335
714213400000325,0,58493.5130093,17.6100082,0.0287869591
714213400000325,0,58494.4418634,17.6491127,0.029479105
714213400000325,0,58494.4494097,17.5998001,0.0286107492
714213400000325,0,58502.551169,17.621624,0.0289897081
714213400000325,0,58502.5520833,17.6054039,0.0287072379
714213400000325,0,58503.4902315,17.624609,0.0290421974
714213400000325,0,58506.5532639,17.5437164,0.0276747271
714213400000325,0,58508.4662269,17.6469288,0.029439725
714213400000325,0,58508.4714352,17.5860023,0.0283754524
714213400000325,32768,58512.4524653,17.6735039,0.0299248639
714213400000325,32768,58513.4491782,17.4806709,0.0266851932
714213400000325,32768,58514.4260532,17.6768246,0.0299863815
714213400000325,32768,58514.426956,17.7009182,0.0304390453
714213400000325,0,58524.4685995,17.6925545,0.0302806832
714213400000325,0,58526.4925926,17.7518883,0.0314330906
714213400000325,0,58526.4935185,17.7590046,0.0315759219
714213400000325,0,58534.3810764,17.6569862,0.0296218041
714213400000325,0,58534.3819792,17.6860065,0.0301576145
714213400000325,32768,58538.243831,17.704319,0.0305037964
714213400000325,0,58538.3526157,17.7078838,0.0305719431
714213400000325,32768,58540.3296296,17.8377914,0.0332254767
714213400000325,0,58543.3522685,17.7597065,0.0315900706
714213400000325,0,58543.3532292,17.7386093,0.0311692655
714213400000325,0,58547.3008565,17.7390232,0.0311774369
714213400000325,0,58556.2887153,17.7708111,0.0318150893
714213400000325,0,58557.2623148,17.6457939,0.0294192955
714213400000325,0,58558.3243287,17.7600975,0.0315979533
714213400000325,0,58559.2564583,17.7547264,0.0314899385
714213400000325,0,58559.2573958,17.7585926,0.0315676183
714213400000325,0,58560.330544,17.7470474,0.0313365348
714213400000325,0,58561.1810764,17.6934929,0.0302983783
714213400000325,0,58567.2472338,17.669632,0.0298533682
714213400000325,0,58567.2481713,17.6762505,0.0299757458
714213400000325,0,58568.2905324,17.7726631,0.0318528712
714213400000325,0,58572.2854282,17.7410126,0.0312167592
714213400000325,0,58572.286331,17.7386055,0.0311692003
714213400000325,0,58573.2598611,17.7463036,0.0313217379
714213400000325,32768,58575.2375116,17.8377914,0.0332254767
714213400000325,0,58575.2482639,17.7316513,0.0310323965
714213400000325,0,58580.2227199,17.7765675,0.0319327153
714213400000325,0,58580.2236343,17.7234726,0.0308727343
714213400000325,0,58581.2473264,17.7592258,0.0315803923
714213400000325,0,58582.2383565,17.7418137,0.0312326178
714213400000325,0,58583.2638889,17.7526321,0.0314479768
714213400000325,0,58583.2647917,17.8141537,0.032717187
714213400000325,0,58584.3179051,17.7693138,0.0317846052
714213400000325,0,58585.3092361,17.7257767,0.0309175663
714213400000325,0,58586.2385995,17.6784668,0.0300168991
714213400000325,0,58586.2395718,17.737133,0.0311401617
714213400000325,0,58587.2784954,17.7979546,0.0323755704
714213400000325,0,58589.2299769,17.8939457,0.0344805904
714213400000325,0,58589.2309838,17.8276711,0.0330064483
714213400000325,0,58591.3710764,17.8663025,0.0338542461
714213400000325,0,58592.2670486,17.843277,0.0333451256
714213400000325,0,58592.2690278,17.8026142,0.0324732699
714213400000325,0,58594.3202662,17.7465019,0.0313256718
714213400000325,0,58597.3211574,17.7842846,0.0320914239
714213400000325,0,58601.2831481,17.7714767,0.0318286456
714213400000325,32768,58602.2829051,17.8436661,0.0333536193
714213400000325,0,58608.2373264,17.7714119,0.0318273343
714213400000325,0,58612.2032176,17.6950455,0.0303276926
714213400000325,0,58616.1627083,17.7029114,0.030476978
714213400000325,32768,58619.196794,17.5632286,0.0279942937
714213400000325,0,58632.181088,17.6151237,0.0288759489
714213400000325,0,58633.1956366,17.5946121,0.0285218954
714213400000325,0,58633.1965509,17.5720367,0.0281406641
714213400000325,0,58634.1757407,17.5836926,0.0283364002
714213400000325,0,58637.196875,17.588604,0.0284195784
714213400000325,0,58638.2235764,17.5874367,0.0283997506
714213400000325,0,58639.1855671,17.5739841,0.028173212
714213400000325,0,58642.2214931,17.574379,0.0281798113
714213400000325,0,58648.1938426,17.5920105,0.0284775011
714213400000325,0,58651.2356366,17.5861282,0.0283775926
714213400000325,0,58654.1972338,17.5767708,0.0282198712
714213400000325,0,58667.2236227,17.4768887,0.026627861
714213400000325,0,58670.1865394,17.5194702,0.0272864942
714213400000325,0,58676.1992477,17.5419369,0.0276458971
714213400000325,0,58679.2001736,17.6456032,0.0294158645
714213400000325,0,58785.5107176,17.8487167,0.0334643796
714213400000325,0,58792.5111458,17.8925972,0.0344496556
714213400000325,0,58799.4938773,17.9323235,0.0353780761
714213400000325,0,58828.4248727,17.8779068,0.0341151357
714213400000325,0,58831.4459375,17.8670559,0.0338710956
714213400000325,0,58833.4492245,17.8936272,0.0344732851
714213400000325,0,58834.5043981,17.7247887,0.0308983419
714213400000325,0,58837.4479861,17.7648468,0.0316939279
714213400000325,0,58846.465706,17.9047661,0.0347303227
714213400000325,0,58849.4498611,17.896698,0.0345438682
714213400000325,0,58852.44375,17.841568,0.0333077721
714213400000325,0,58854.4540162,17.7375374,0.0311481263
714213400000325,0,58855.3728009,17.8971672,0.0345546529
714213400000325,0,58855.5294097,17.8997879,0.0346151069
714213400000325,0,58855.5303356,17.92379,0.0351756699
714213400000325,0,58859.3065394,17.901741,0.0346602313
714213400000325,0,58859.4255324,17.79216,0.0322546624
714213400000325,0,58859.4580556,17.9447327,0.0356753767
714213400000325,0,58860.3731829,17.9235287,0.0351695083
714213400000325,0,58860.3878704,17.9044075,0.0347220004
714213400000325,0,58861.3128125,17.9155941,0.0349828117
714213400000325,0,58861.3215394,17.9138565,0.0349421054
714213400000325,0,58862.3948958,17.9023609,0.0346745774
714213400000325,0,58862.4146875,17.8314667,0.0330883488
714213400000325,0,58862.4156366,17.8313179,0.0330851302
714213400000325,0,58864.3281366,17.8987694,0.0345915817
714213400000325,0,58864.3439236,17.8505821,0.0335054249
714213400000325,0,58866.3571991,17.8800468,0.034163598
714213400000325,0,58866.3657755,17.8682404,0.0338976271
714213400000325,0,58866.5183565,17.8673782,0.0338782966
714213400000325,0,58867.3576852,17.9053478,0.0347438194
714213400000325,0,58867.4719444,17.8819351,0.0342064165
714213400000325,0,58871.4941319,17.7852478,0.0321113206
714213400000325,0,58871.4950579,17.8346176,0.0331565663
714213400000325,0,58871.5092477,17.851553,0.0335268043
714213400000325,0,58873.2902315,17.846611,0.0334181525
714213400000325,0,58873.2959028,17.8498478,0.0334892645
714213400000325,32768,58874.3009954,17.9387188,0.035530854
714213400000325,0,58874.3198611,17.7510071,0.0314154848
714213400000325,0,58875.2875347,17.8420753,0.0333188623
714213400000325,0,58875.3105787,17.7731285,0.0318623595
714213400000325,0,58876.2791898,17.8915081,0.0344246812
714213400000325,0,58876.3415856,17.8847542,0.0342704654
714213400000325,0,58877.3243866,17.8708839,0.0339569002
714213400000325,0,58877.3532523,17.8491364,0.0334736072
714213400000325,0,58877.4865162,17.8839951,0.0342532173
714213400000325,0,58878.3213079,17.8076973,0.0325803757
714213400000325,0,58878.3641898,17.8895779,0.0343805104
714213400000325,0,58879.3470255,17.7898407,0.0322064497
714213400000325,0,58879.3666667,17.7227249,0.0308581777
714213400000325,0,58880.2239236,17.9109192,0.0348734669
714213400000325,0,58880.2736806,17.8830719,0.0342322141
714213400000325,0,58880.5142708,17.8491459,0.0334738158
714213400000325,0,58881.3200347,17.8984623,0.0345845222
714213400000325,0,58881.3682523,17.9160461,0.0349934101
714213400000325,0,58883.5137037,17.85709,0.0336491875
714213400000325,0,58883.5146412,17.8158264,0.0327528007
714213400000325,0,58883.5334144,17.8191948,0.0328246169
714213400000325,0,58884.4827546,17.8938103,0.0344774649
714213400000325,0,58884.511169,17.7448502,0.0312928259
714213400000325,0,58885.1958218,17.6988831,0.0304003675
714213400000325,0,58885.2244792,17.8545837,0.0335937254
714213400000325,0,58886.2866319,17.9282913,0.0352822356
714213400000325,32768,58886.3084375,17.7891312,0.0321917348
714213400000325,0,58886.5109838,17.9359913,0.0354655869
714213400000325,0,58888.4274653,17.8731918,0.0340087861
714213400000325,0,58888.4433796,17.8634262,0.0337900221
714213400000325,0,58890.4009144,17.8193836,0.0328286663
714213400000325,0,58890.4421528,17.9120636,0.0349001884
714213400000325,0,58891.3327315,17.9216309,0.0351247266
714213400000325,0,58891.4916435,17.8537712,0.0335757546
714213400000325,0,58891.4930208,17.7992897,0.032403525
714213400000325,0,58892.2972685,17.9014778,0.0346541367
714213400000325,0,58892.3275116,17.8900452,0.034391202
714213400000325,0,58893.294375,17.9275856,0.0352655016
714213400000325,0,58893.321088,17.9011192,0.0346458368
714213400000325,0,58894.2858102,17.8918915,0.0344334766
714213400000325,0,58894.472963,17.8684883,0.0339031816
714213400000325,0,58894.4860764,17.9684448,0.0362532586
714213400000325,0,58895.4272454,17.9172058,0.0350206234
714213400000325,0,58895.4480093,17.874157,0.0340305306
714213400000325,0,58896.2733565,17.9284859,0.0352868475
714213400000325,0,58896.2953819,17.8822365,0.0342132337
714213400000325,32768,58898.3213657,17.8160839,0.0327582844
714213400000325,0,58898.343206,17.8873959,0.0343306623
714213400000325,0,58898.3511343,17.877655,0.0341094546
714213400000325,0,58898.3636227,17.8996391,0.0346116647
714213400000325,0,58899.3284954,17.8787422,0.0341340415
714213400000325,0,58899.3409722,17.8635197,0.0337921232
714213400000325,0,58899.3511921,17.9015732,0.0346563458
714213400000325,0,58899.4465972,17.8919468,0.034434732
714213400000325,0,58900.4041898,17.8651123,0.0338276625
714213400000325,0,58900.4050926,17.8640327,0.0338035561
714213400000325,0,58900.4221412,17.8700981,0.033939261
714213400000325,0,58900.4552431,17.8666821,0.0338627212
714213400000325,0,58901.3925,17.8496323,0.0334845111
714213400000325,0,58901.3934028,17.8711815,0.0339635946
714213400000325,0,58901.4042361,17.9010963,0.0346453153
714213400000325,0,58901.4243287,17.8737946,0.0340223648
714213400000325,0,58901.4462847,17.881958,0.0342069343
714213400000325,0,58901.4665856,17.8737411,0.0340211578
714213400000325,0,58903.3872454,17.8970299,0.034551505
714213400000325,0,58903.4009491,17.8820629,0.0342093073
714213400000325,0,58903.401875,17.8823719,0.0342163257
714213400000325,0,58903.4323727,17.8544006,0.0335896611
714213400000325,0,58903.4467708,17.9325848,0.0353843234
714213400000325,0,58903.4699074,17.8685493,0.0339045413
714213400000325,0,58903.4879167,17.8667526,0.033864323
714213400000325,0,58904.2250926,17.9164677,0.0350033045
714213400000325,0,58904.2429167,17.8691616,0.0339182466
714213400000325,0,58904.466412,17.8568954,0.0336448811
714213400000325,0,58905.2241551,17.7812729,0.0320293456
714213400000325,0,58905.2373032,17.8115807,0.0326625742
714213400000325,0,58905.2439815,17.8649254,0.0338234864
714213400000325,0,58906.452338,17.8594933,0.0337025002
714213400000325,0,58906.4532407,17.8959351,0.0345263146
714213400000325,0,58906.4709722,17.8712902,0.0339660347
714213400000325,0,58911.226875,17.7419395,0.0312351193
714213400000325,0,58911.2448958,17.7170639,0.0307485126
714213400000325,0,58911.4435764,17.8848934,0.0342736393
714213400000325,0,58912.4271412,17.8927517,0.0344531797
714213400000325,0,58912.4508333,17.8786774,0.0341325849
714213400000325,0,58912.4517708,17.8433914,0.0333476253
714213400000325,0,58913.2200694,17.960556,0.0360595807
714213400000325,0,58913.2370023,17.9294357,0.0353094041
714213400000325,0,58913.450463,17.9188194,0.0350585133
714213400000325,0,58914.3480787,17.9564266,0.0359587632
714213400000325,0,58914.3489815,17.9452209,0.0356871597
714213400000325,0,58914.3603356,17.8776016,0.0341082402
714213400000325,0,58915.4073495,17.9169312,0.0350141563
714213400000325,0,58915.4302199,17.9425201,0.0356221125
714213400000325,0,58915.4311458,17.9904861,0.0368021689
714213400000325,32768,58939.3631366,17.7663574,0.0317245461
714213400000325,32768,58939.3683333,17.8162365,0.0327615254
714213400000325,32768,58939.3900926,17.8566437,0.0336393081
714213400000325,32768,58940.2203356,17.7306461,0.0310127065
714213400000325,0,58940.2389236,17.8139973,0.0327138714
714213400000325,0,58941.2244907,17.7361145,0.0311200786
714213400000325,0,58941.3618866,17.7407188,0.031210959
714213400000325,0,58944.3438194,17.7931862,0.0322760306
714213400000325,0,58944.3465856,17.7821693,0.0320478082
714213400000325,0,58944.3627315,17.8352299,0.0331698284
714213400000325,0,58954.2435301,17.66185,0.0297105238
714213400000325,0,58954.2444329,17.7416992,0.031230351
714213400000325,0,58955.2405556,17.642189,0.0293545537
714213400000325,0,58955.2552431,17.6713676,0.0298853852
714213400000325,0,58962.2633681,17.7221489,0.0308469962
714213400000325,0,58965.2806713,17.6744957,0.0299432222
714213400000325,0,58968.1979861,17.7399826,0.0311963931
714213400000325,0,58970.1985417,17.7396622,0.0311900545
714213400000325,0,58971.2011574,17.7040329,0.0304983389
714213400000325,0,58971.2020949,17.7345333,0.0310889799
714213400000325,0,58972.1982407,17.6710243,0.0298790503
714213400000325,0,58973.1870602,17.7078114,0.030570548
714213400000325,0,58974.2337616,17.6837692,0.0301157422
714213400000325,0,58974.2346875,17.641037,0.029333923
714213400000325,0,58974.2632639,17.6922607,0.0302751269
714213400000325,0,58975.1740741,17.6635132,0.0297409557
714213400000325,0,58976.2345486,17.6696033,0.0298528448
714213400000325,32768,58977.2139236,17.6178913,0.0289243013
714213400000325,32768,58977.227338,17.6932468,0.030293718
714213400000325,0,58978.2231829,17.7128296,0.0306668729
714213400000325,0,58980.2448843,17.6139793,0.0288559999
714213400000325,0,58980.2458218,17.6401749,0.0293184742
714213400000325,0,58981.2466319,17.6732635,0.0299204048
714213400000325,0,58986.2486921,17.680975,0.0300635919
714213400000325,0,58987.1766551,17.7138939,0.0306873359
714213400000325,0,58991.2219792,17.616127,0.0288934652
714213400000325,0,58991.2229167,17.6483765,0.0294658095
714213400000325,0,58994.1941898,17.6536808,0.029561758
714213400000325,0,58994.2046065,17.6828709,0.0300989486
714213400000325,0,58995.2143287,17.6927643,0.0302846376
714213400000325,0,58996.2225926,17.7046394,0.0305099171
714213400000325,0,58997.2339236,17.669384,0.0298488028
714213400000325,0,58997.2348611,17.6534996,0.0295584723
714213400000325,0,58998.2328125,17.6822529,0.0300874244
714213400000325,0,58999.2752894,17.6819267,0.0300813243
714213400000325,0,59004.248125,17.7407074,0.0312107261
714213400000325,0,59009.174213,17.7518311,0.0314319506
714213400000325,0,59017.2404167,17.7597122,0.0315901935
714213400000325,0,59020.2444213,17.7527618,0.0314505808
714213400000325,0,59026.198206,17.7570801,0.0315372162
714213400000325,0,59029.2287153,17.702652,0.0304720253
714213400000325,0,59032.2186343,17.7917423,0.0322459601
714213400000325,0,59040.2065625,17.7324905,0.031048853
714213400000325,0,59050.1695718,17.8040047,0.032502532
714213400000325,0,59050.1745023,17.7008667,0.0304380488
714213400000325,0,59050.1794329,17.7813416,0.0320307724
714213400000325,0,59050.1843634,17.7383575,0.0311643016
714213400000325,0,59052.1753704,17.7738304,0.0318767056
714213400000325,0,59052.1801968,17.758007,0.0315558389
714213400000325,0,59052.1850231,17.7491684,0.0313787907
714213400000325,0,59056.1715741,17.7439938,0.0312758386
714213400000325,0,59056.1764583,17.8067703,0.0325608179
714213400000325,0,59056.1813426,17.7444763,0.0312854163
714213400000325,0,59056.1862269,17.7072849,0.0305604655
714213400000325,0,59060.1611458,17.7164001,0.0307356883
714213400000325,0,59060.1660185,17.7093754,0.0306005143
714213400000325,0,59060.1708912,17.7139816,0.0306890421
714213400000325,0,59060.1757523,17.6187172,0.0289387293
714213400000325,0,59060.180625,17.7062531,0.0305407457
714213400000325,0,59062.1596875,17.7620335,0.0316370204
714213400000325,0,59062.1646528,17.7082577,0.0305790845
714213400000325,0,59062.1696065,17.7832222,0.0320695043
714213400000325,0,59062.1745486,17.7108402,0.0306286309
714213400000325,0,59062.1795023,17.6895828,0.0302247275
714213400000325,0,59064.1576389,17.8963242,0.0345352553
714213400000325,0,59064.1625231,17.7420616,0.031237524
714213400000325,0,59064.1673958,17.8818474,0.0342044123
714213400000325,0,59064.1722801,17.752243,0.0314401984
714213400000325,0,59064.1771528,17.8234825,0.0329164043
714213400000325,0,59066.1552315,17.792366,0.0322589539
714213400000325,0,59066.16,17.8238602,0.0329245105
714213400000325,0,59066.1647801,17.8219414,0.0328833684
714213400000325,0,59066.1695486,17.8393879,0.0332602225
714213400000325,0,59066.1743171,17.7968674,0.0323528349
714213400000325,0,59068.1541667,17.7910271,0.032231085
714213400000325,0,59068.1589352,17.7544632,0.031484656
714213400000325,0,59068.1637153,17.7701054,0.0318007171
714213400000325,0,59068.1684838,17.7478867,0.0313532501
714213400000325,0,59068.1732639,17.773735,0.0318747535
714213400000325,0,59070.1662963,17.7665215,0.031727884
714213400000325,0,59070.1710764,17.7600517,0.0315970145
714213400000325,0,59143.4915509,17.8281136,0.0330159739
714213400000325,0,59150.5444676,17.9246159,0.0351951942
714213400000325,0,59152.4717245,17.8224831,0.0328949913
714213400000325,0,59155.4899074,17.9174309,0.0350259133
714213400000325,0,59157.4960417,17.9261894,0.0352324247
714213400000325,0,59159.4939699,17.8804855,0.0341735408
714213400000325,0,59165.4747222,17.9165268,0.0350046754
714213400000325,0,59168.5310995,17.8773994,0.0341036879
714213400000325,0,59170.5401389,17.8604889,0.0337246247
714213400000325,32768,59175.5137153,17.9806175,0.036554981
714213400000325,32768,59180.5474769,17.5472431,0.0277320277
714213400000325,0,59182.4964699,17.9062176,0.0347639993
714213400000325,0,59184.4925694,17.9710312,0.0363170952
714213400000325,0,59185.5307523,17.887291,0.034328267
714213400000325,0,59185.5316782,17.9216003,0.035123989
714213400000325,0,59187.4963773,17.7242279,0.03088741
714213400000325,0,59187.4982407,17.8523598,0.0335446
714213400000325,0,59188.3862731,17.8587952,0.0336869918
714213400000325,32768,59192.5083681,17.8804474,0.0341726728
714213400000325,0,59194.5055787,17.8614235,0.0337454118
714213400000325,0,59198.4926968,17.8892555,0.0343731306
714213400000325,0,59200.5150231,17.8780956,0.0341194272
714213400000325,0,59203.4862384,17.8312531,0.0330837034
714213400000325,32768,59206.487581,17.9959068,0.0369389094
714213400000325,0,59215.4687269,17.748539,0.0313662402
714213400000325,0,59217.3952778,17.7624779,0.0316460058
714213400000325,0,59219.472662,17.7878685,0.0321655646
714213400000325,0,59221.4541782,17.7643509,0.0316838883
714213400000325,0,59223.473669,17.7530746,0.0314568579
714213400000325,0,59225.4088542,17.7677326,0.0317524746
714213400000325,0,59227.3949421,17.694582,0.030318927
714213400000325,0,59229.410706,17.6320515,0.0291737523
714213400000325,0,59231.4772685,17.6534576,0.0295577142
714213400000325,0,59248.4264815,17.6784325,0.0300162565
714213400000325,0,59250.3820602,17.7083473,0.0305808261
714213400000325,0,59252.3225926,17.6721134,0.0298991427
714213400000325,0,59254.4053241,17.6988335,0.0303994399
714213400000325,0,59256.4167593,17.6808624,0.0300615039
714213400000325,0,59258.3453819,17.666935,0.0298037231
714213400000325,0,59262.3408449,17.7225647,0.0308550764
714213400000325,0,59264.3685995,17.6686554,0.0298353881
714213400000325,0,59266.3690278,17.6368313,0.0292587802
714213400000325,0,59268.3482523,17.6701469,0.0298628621
714213400000325,0,59270.3521875,17.7027988,0.0304748192
714213400000325,0,59272.2940625,17.6275806,0.0290946104
714213400000325,0,59274.3642593,17.7302475,0.0310049132
714213400000325,0,59275.4373148,17.7954407,0.0323230289
714213400000325,0,59276.3502315,17.7630424,0.0316574015
714213400000325,0,59276.403287,17.7543373,0.0314821489
714213400000325,0,59278.4135995,17.7899055,0.0322078168
714213400000325,0,59278.445,17.7998657,0.0324155912
714213400000325,0,59280.2689699,17.8000393,0.0324192122
714213400000325,0,59280.2807292,17.7688026,0.0317742005
714213400000325,0,59280.3013773,17.7929554,0.0322712101
714213400000325,0,59281.255544,17.8005028,0.0324289426
714213400000325,0,59290.2608912,17.8101864,0.0326330215
714213400000325,0,59290.3429745,17.7214584,0.0308336001
714213400000325,0,59290.3614468,17.7351303,0.0311007295
714213400000325,0,59291.2421412,17.8427315,0.0333331898
714213400000325,0,59291.3593403,17.8406525,0.0332877934
714213400000325,0,59292.2579745,17.8401527,0.0332769044
714213400000325,0,59292.343044,17.8550282,0.0336035304
714213400000325,0,59292.381412,17.8096256,0.0326211601
714213400000325,0,59293.1913079,17.8586464,0.0336837135
714213400000325,0,59293.2666551,17.8489761,0.0334700905
714213400000325,0,59294.2031481,17.8506603,0.033507131
714213400000325,0,59295.265706,17.7886429,0.0321815945
714213400000325,0,59295.381088,17.8252811,0.0329550244
714213400000325,0,59296.2135069,17.7806664,0.0320168622
714213400000325,0,59296.3620255,17.8047867,0.0325189978
714213400000325,32768,59297.2375347,17.7875252,0.0321584493
714213400000325,0,59297.2677315,17.8080044,0.0325868763
714213400000325,0,59297.2770023,17.8635826,0.0337935053
714213400000325,0,59298.3836458,17.8847351,0.0342700295
714213400000325,0,59301.1868634,17.8173542,0.0327853337
714213400000325,0,59302.2145833,17.8381367,0.0332330018
714213400000325,0,59302.2342477,17.8840446,0.0342543237
714213400000325,0,59302.457338,17.9465065,0.0357181579
714213400000325,0,59303.3225,17.7478733,0.0313529596
714213400000325,0,59304.1534375,17.8235359,0.0329175629
714213400000325,0,59304.2823958,17.7652931,0.0317029618
714213400000325,0,59304.3354514,17.6907864,0.0302473512
714213400000325,0,59305.3420833,17.8122215,0.032676179
714213400000325,0,59307.2614931,17.8258286,0.0329667889
714213400000325,0,59309.2599306,17.7155991,0.0307202246
714213400000325,0,59311.1756481,17.7578907,0.0315535106
714213400000325,0,59313.2192824,17.7019939,0.030459499
714213400000325,0,59313.2259722,17.7180824,0.0307681914
714213400000325,0,59314.2795602,17.6622334,0.029717518
714213400000325,0,59315.2383449,17.6697159,0.0298549086
714213400000325,0,59315.2392824,17.7000961,0.030423414
714213400000325,0,59316.2859144,17.7466011,0.031327635
714213400000325,0,59317.1982986,17.7064285,0.0305440947
714213400000325,0,59317.1992361,17.7554474,0.0315044113
714213400000325,0,59321.3018866,17.7741585,0.0318834074
714213400000325,0,59323.3217477,17.7139874,0.0306891594
714213400000325,0,59325.2598032,17.7030525,0.0304796584
714213400000325,0,59329.254213,17.7589836,0.0315754935
714213400000325,0,59329.2551505,17.6683769,0.0298302546
714213400000325,0,59335.2007639,17.7223701,0.0308513027
714213400000325,0,59335.2016898,17.7062607,0.0305408761
714213400000325,0,59336.3226042,17.6761894,0.0299746133
714213400000325,0,59338.2595602,17.6525173,0.0295406692
714213400000325,0,59338.2604977,17.6533432,0.029555643
714213400000325,0,59339.2623032,17.6885262,0.0302048568
714213400000325,0,59340.2861921,17.638401,0.0292867683
714213400000325,0,59340.2871296,17.6496544,0.0294888783
714213400000325,0,59341.2018519,17.6339912,0.0292082019
714213400000325,0,59342.2593403,17.6053314,0.0287060048
714213400000325,0,59342.2602778,17.6022663,0.0286531355
714213400000325,0,59343.1971991,17.6132374,0.0288430899
714213400000325,0,59344.2127546,17.6044807,0.0286913123
714213400000325,0,59344.2136921,17.6037998,0.028679572
714213400000325,0,59345.2083796,17.5728302,0.0281539243
714213400000325,0,59346.3032523,17.6266346,0.0290778987
714213400000325,0,59346.3041898,17.6343079,0.0292138401
714213400000325,0,59348.1985764,17.6261024,0.0290685184
714213400000325,0,59348.1995139,17.6354027,0.0292333104
714213400000325,0,59349.1806134,17.6873264,0.0301823486
714213400000325,0,59350.2426852,17.6093903,0.0287762247
714213400000325,0,59350.2436227,17.5724907,0.0281482507
714213400000325,0,59352.2433565,17.6948662,0.0303243157
714213400000325,0,59353.1947569,17.664608,0.0297610089
714213400000325,0,59354.2188773,17.6211605,0.0289815646
714213400000325,0,59354.2198032,17.6697502,0.0298555456
714213400000325,0,59355.2137269,17.6450462,0.0294058509
714213400000325,0,59356.2596528,17.6410542,0.029334221
714213400000325,0,59356.2605903,17.6905918,0.0302436948
714213400000325,0,59358.2138194,17.6911163,0.0302535687
714213400000325,0,59359.2196644,17.7836418,0.0320781618
714213400000325,0,59359.2205903,17.7150841,0.0307102911
714213400000325,0,59361.2002431,17.6914387,0.0302596539
714213400000325,0,59362.2425,17.584816,0.0283553824
714213400000325,0,59362.2434259,17.6882629,0.0301999319
714213400000325,0,59362.2443634,17.6612015,0.029698668
714213400000325,0,59363.2015394,17.7013969,0.0304481331
714213400000325,0,59366.1944907,17.6698227,0.0298568867
714213400000325,0,59367.19875,17.6632767,0.0297366325
714213400000325,0,59367.1996875,17.7439423,0.0312748216
714213400000325,0,59369.2010069,17.6856842,0.0301515609
714213400000325,0,59371.219375,17.664505,0.0297591258
714213400000325,0,59373.2243634,17.6860199,0.0301578585
714213400000325,0,59375.218044,17.7042084,0.0305017103
714213400000325,0,59377.216169,17.7272434,0.0309461914
714213400000325,0,59379.2166204,17.7299194,0.0309984926
714213400000325,0,59382.1927778,17.7541924,0.031479232
714213400000325,0,59384.2020023,17.6700592,0.0298612379
714213400000325,0,59386.1972338,17.7730675,0.031861119
714213400000325,0,59391.2632407,17.7447262,0.0312903635
714213400000325,0,59402.2182639,17.8120327,0.0326721556
714213400000325,32768,59417.1757523,17.8876572,0.0343366452
714213400000325,32768,59417.1767824,17.7218952,0.0308420658
714213400000325,32768,59417.1778009,17.7396774,0.0311903618
714213400000325,32768,59417.1788194,17.7854214,0.0321149193
714213400000325,0,59417.1798495,17.9039288,0.0347108841
714213400000325,0,59418.176331,17.8628845,0.0337779596
714213400000325,0,59418.1773495,17.7949142,0.0323120318
714213400000325,0,59418.1783796,17.823555,0.0329179652
714213400000325,0,59418.1793981,17.8343964,0.033151757
714213400000325,0,59418.1804282,17.8363647,0.0331944637
714213400000325,0,59419.1751157,17.7243118,0.0308890585
714213400000325,0,59419.1761458,17.8448563,0.0333796889
714213400000325,0,59419.1771644,17.7934666,0.0322818607
714213400000325,0,59419.1781829,17.7643929,0.0316847302
714213400000325,0,59419.179213,17.8158875,0.0327540934
714213400000325,0,59424.16125,17.7899189,0.0322080851
714213400000325,0,59424.1636111,17.8556347,0.0336169489
714213400000325,0,59424.1659838,17.8698082,0.0339327678
714213400000325,0,59424.1683565,17.7937737,0.0322882459
714213400000325,0,59424.1707292,17.8860283,0.0342994779
714213400000325,32768,59425.1653356,17.8306141,0.0330699012
714213400000325,0,59425.1676968,17.9589939,0.0360213779
714213400000325,32768,59425.1700694,17.7927589,0.032267116
714213400000325,0,59427.1592593,17.8647518,0.0338195972
714213400000325,0,59427.1616204,17.8363991,0.0331952199
714213400000325,0,59427.1663426,17.8915234,0.0344250351
714213400000325,0,59427.1687269,17.8327866,0.033116892
714213400000325,0,59428.1585648,18.015316,0.0374342799
714213400000325,0,59428.1609259,17.8416557,0.0333097018
714213400000325,0,59428.1632986,17.7567368,0.0315303169
714213400000325,0,59428.1656713,17.8490791,0.0334723443
714213400000325,0,59428.1680324,17.8332958,0.0331279151
714213400000325,0,59430.1575347,17.9477425,0.0357480198
714213400000325,0,59430.1598958,17.8703136,0.0339441039
714213400000325,0,59430.1622685,17.8702774,0.0339432769
714213400000325,0,59430.1646296,17.8553162,0.0336099081
714213400000325,0,59430.1669907,17.8295326,0.0330465585
714213400000325,0,59434.1545255,17.8525047,0.0335478112
714213400000325,0,59434.1568866,17.8657684,0.0338423066
714213400000325,0,59434.1592593,17.8385201,0.0332413204
714213400000325,0,59434.1616204,17.9282951,0.0352823213
714213400000325,0,59434.1639931,17.8725376,0.03399406
714213400000325,0,59435.1523148,17.9935646,0.0368797258
714213400000325,0,59435.1546875,17.9099312,0.0348504186
714213400000325,0,59435.1570486,17.9000969,0.0346222334
714213400000325,0,59435.1594213,17.8254642,0.0329589434
714213400000325,0,59435.1617824,17.8967094,0.0345441177
714213400000325,0,59436.1528704,17.8589897,0.0336913355
714213400000325,0,59436.1553009,17.8880444,0.0343454592
714213400000325,0,59436.1577315,17.9211006,0.0351122208
714213400000325,0,59436.1601505,17.8781166,0.0341198891
714213400000325,0,59436.162581,17.9410458,0.0355866775
714213400000325,0,59438.1512269,17.9534378,0.035886012
714213400000325,0,59438.1536574,17.9500618,0.0358041152
714213400000325,0,59438.1560764,17.9671135,0.0362204649
714213400000325,0,59438.1585069,17.8272266,0.0329968706
714213400000325,0,59438.1609259,17.9814949,0.0365768597
714213400000325,0,59439.1518403,17.9018631,0.0346630439
714213400000325,0,59439.1542593,17.933548,0.035407275
714213400000325,0,59439.1566898,17.8960915,0.034529902
714213400000325,0,59439.1591088,17.8735504,0.0340168625
714213400000325,0,59439.1615394,18.0574627,0.038541358
714213400000325,0,59440.149537,17.913847,0.0349418856
714213400000325,0,59440.1519676,17.9469452,0.0357287452
714213400000325,0,59440.1543866,17.87393,0.0340254009
714213400000325,0,59440.1568171,17.8666,0.033860907
714213400000325,0,59440.1592361,17.9594421,0.0360323265
714213400000325,0,59441.1486921,17.7933388,0.032279212
714213400000325,0,59441.1511111,17.910141,0.0348553061
714213400000325,0,59441.1535417,17.9238834,0.0351778679
714213400000325,0,59441.1559606,17.8995781,0.034610264
714213400000325,0,59509.4893634,17.6484089,0.0294664111
714213400000325,0,59512.5121644,17.6638527,0.0297471769
714213400000325,0,59521.4749306,17.6529789,0.0295490287
714213400000325,0,59523.5060764,17.7378597,0.0311544687
714213400000325,0,59525.5165278,17.7216263,0.0308368597
714213400000325,0,59530.4741898,17.5538559,0.0278399978
714213400000325,0,59540.544213,17.7201996,0.0308091808
714213400000325,0,59623.3511227,17.6223736,0.0290028788
714213400000325,0,59624.409919,17.6431122,0.0293710995
714213400000325,0,59625.2648727,17.6318245,0.0291697364
714213400000325,0,59625.2809722,17.676136,0.0299736187
714213400000325,0,59627.535463,17.5380325,0.027582841
714213400000325,0,59628.4085995,17.619173,0.0289467275
714213400000325,0,59628.422037,17.6141586,0.0288591124
714213400000325,0,59629.4812037,17.5940514,0.0285123084
714213400000325,0,59636.3406829,17.6399078,0.0293136984
714213400000325,0,59636.4684144,17.5950775,0.0285298359
714213400000325,32768,59637.3236806,17.637495,0.0292705968
714213400000325,0,59638.3926389,17.6309738,0.0291546397
714213400000325,0,59638.4832755,17.6598282,0.0296735913
714213400000325,0,59639.2442593,17.6185493,0.0289358124
714213400000325,0,59639.2663426,17.6303329,0.029143272
714213400000325,0,59639.4735301,17.6761265,0.0299734436
714213400000325,0,59640.318125,17.6366959,0.0292563569
714213400000325,0,59640.4013773,17.6374149,0.0292691737
714213400000325,0,59641.3111574,17.6434422,0.0293770265
714213400000325,0,59676.3510185,17.651783,0.0295273736
714213400000325,0,59680.3405324,17.6415615,0.0293433182
714213400000325,0,59683.3581019,17.6556396,0.0295973122
714213400000325,0,59685.2370949,17.6498642,0.0294926651
714213400000325,0,59688.3259954,17.6901379,0.030235149
714213400000325,0,59690.3311921,17.7106781,0.0306255128
714213400000325,0,59703.2905671,17.6823807,0.0300898049
714213400000325,0,59709.1772801,17.7274857,0.0309509132
714213400000325,0,59709.2400579,17.7778091,0.0319581516
714213400000325,0,59711.2604977,17.7494049,0.0313834958
714213400000325,0,59731.2477546,17.7189007,0.0307840183
714213400000325,0,59733.2175463,17.6613503,0.0297013894
714213400000325,0,59742.2444444,17.8156776,0.0327496231
714213400000325,32768,59888.4738657,17.6119041,0.0288198795
714213400000325,0,59893.4925579,17.595644,0.0285395179
714213400000325,0,59896.470162,17.59515,0.028531082
714213400000325,0,59900.5198958,17.4526958,0.0262665208
714213400000325,0,59902.5303009,17.5110722,0.0271542706
714213400000325,0,59913.4897222,17.4231453,0.0258374438
714213400000325,0,59923.4541898,17.532299,0.0274907108
714213400000325,32768,59933.4903356,17.5980301,0.0285803806
714213400000325,0,59965.3910069,17.4318981,0.0259631332
715216300008671,32768,58214.2339815,17.5624371,0.0276484303
715216300008671,32768,58214.2349306,17.5566216,0.0275542755
715216300008671,32768,58215.2760995,17.4612751,0.0260823835
715216300008671,0,58216.2346528,17.5243092,0.0270404238
715216300008671,0,58217.2347801,17.5767136,0.0278817974
715216300008671,0,58217.2357639,17.5638924,0.0276720785
715216300008671,0,58217.2651273,17.5441055,0.0273533762
715216300008671,0,58217.266088,17.5985374,0.0282446537
715216300008671,0,58218.2525926,17.5572147,0.0275638457
715216300008671,0,58218.2893866,17.5353909,0.0272148773
715216300008671,0,58218.2958796,17.549202,0.027434893
715216300008671,0,58219.2196065,17.5225563,0.0270130076
715216300008671,0,58219.2392014,17.6192799,0.028596513
715216300008671,0,58219.2688773,17.5231495,0.0270222705
715216300008671,0,58221.2463079,17.5682755,0.0277434941
715216300008671,0,58221.2477431,17.4967995,0.0266152136
715216300008671,0,58222.2699306,17.4653435,0.0261424948
715216300008671,0,58222.2773958,17.4959869,0.0266028326
715216300008671,0,58224.2398148,17.4827271,0.026401991
715216300008671,0,58224.2547917,17.4981918,0.0266364682
715216300008671,0,58224.2562037,17.5108585,0.0268311352
715216300008671,0,58224.2861574,17.5401649,0.0272906069
715216300008671,0,58224.2871065,17.4749928,0.026286006
715216300008671,0,58226.2659028,17.475544,0.026294237
715216300008671,0,58227.2611458,17.5218544,0.027002031
715216300008671,0,58227.2620602,17.4927559,0.0265536476
715216300008671,0,58230.2466898,17.4595337,0.0260567442
715216300008671,0,58230.2476042,17.477911,0.0263296701
715216300008671,0,58231.1861806,17.43293,0.0256700721
715216300008671,32768,58232.2132986,17.3824883,0.0249635987
715216300008671,0,58233.1800347,17.4580002,0.0260341745
715216300008671,0,58233.194294,17.4023342,0.0252374504
715216300008671,0,58244.1752083,17.3610039,0.0246730205
715216300008671,32768,58245.1947685,17.2432976,0.0231848937
715216300008671,32768,58245.1957639,17.2528419,0.0232992396
715216300008671,0,58246.2347569,17.4040833,0.0252618343
715216300008671,0,58247.2371991,17.4118233,0.0253702588
715216300008671,0,58248.2418171,17.4859028,0.0264498629
715216300008671,0,58248.2427546,17.4389191,0.0257562585
715216300008671,0,58254.1988079,17.4348164,0.0256971568
715216300008671,0,58254.2002083,17.404541,0.0252682231
715216300008671,0,58255.2444792,17.3870964,0.0250267237
715216300008671,0,58256.248125,17.4102859,0.0253486708
715216300008671,0,58257.2363542,17.3338051,0.0243137572
715216300008671,0,58257.2373032,17.4194336,0.0254776552
715216300008671,0,58258.2134028,17.3893585,0.0250578001
715216300008671,0,58260.1999537,17.4243965,0.0255481135
715216300008671,0,58260.2008912,17.4366989,0.0257242415
715216300008671,0,58262.2035185,17.3992462,0.0251944996
715216300008671,0,58262.2537153,17.4571114,0.0260211267
715216300008671,32768,58263.2364005,17.4528122,0.0259581078
715216300008671,0,58266.2497338,17.4459686,0.0258583333
715216300008671,0,58267.2873958,17.4255829,0.0255650245
715216300008671,0,58269.1770949,17.4401207,0.0257736128
715216300008671,0,58269.1780208,17.3785782,0.02491026
715216300008671,0,58272.1797222,17.3779221,0.0249013361
715216300008671,0,58272.1806597,17.4356232,0.0257087629
715216300008671,0,58274.2017708,17.4114742,0.025365347
715216300008671,0,58276.2033333,17.4155045,0.0254221093
715216300008671,0,58277.2416898,17.4219189,0.0255129002
715216300008671,0,58278.2474653,17.3850269,0.0249983426
715216300008671,0,58279.1743519,17.4302254,0.0256313086
715216300008671,0,58279.1846875,17.4011059,0.0252203532
715216300008671,0,58280.1955903,17.4345875,0.0256938674
715216300008671,0,58281.2033565,17.430645,0.0256373174
715216300008671,0,58282.1970139,17.4402866,0.0257760044
715216300008671,0,58282.197963,17.4272652,0.0255890079
715216300008671,0,58283.1996065,17.4480934,0.0258892514
715216300008671,0,58284.2020949,17.4744186,0.0262774248
715216300008671,32768,58285.1831597,17.3686638,0.0247759186
715216300008671,0,58288.2489815,17.4158592,0.0254271217
715216300008671,0,58292.2371065,17.4202194,0.0254887864
715216300008671,0,58295.2399653,17.4388256,0.0257548988
715216300008671,0,58298.2584954,17.459549,0.0260569528
715216300008671,0,58301.1779282,17.4283581,0.025604615
715216300008671,0,58304.1815741,17.459753,0.026059974
715216300008671,0,58319.2114005,17.4927254,0.026553195
715216300008671,0,58336.2019213,17.3792686,0.0249196589
715216300008671,0,58423.5462384,17.4473419,0.025878299
715216300008671,0,58426.546088,17.4012718,0.025222661
715216300008671,0,58432.5520255,17.5224228,0.0270109177
715216300008671,0,58440.5482407,17.4410095,0.0257864464
715216300008671,0,58440.5533333,17.457716,0.0260300059
715216300008671,0,58443.473912,17.4926968,0.0265527591
715216300008671,0,58443.4748264,17.4540176,0.0259757414
715216300008671,0,58447.4728356,17.4854431,0.0264429133
715216300008671,0,58447.47375,17.4777565,0.0263273455
715216300008671,0,58448.5044213,17.4873486,0.0264716875
715216300008671,0,58448.5495486,17.4614143,0.0260844417
715216300008671,0,58449.5327662,17.4393921,0.0257630907
715216300008671,0,58450.5247801,17.4564857,0.0260119382
715216300008671,0,58450.5258796,17.4588776,0.026047077
715216300008671,0,58455.4662384,17.461195,0.0260812063
715216300008671,32768,58461.5494444,17.4595566,0.0260570757
715216300008671,0,58465.5083565,17.4365387,0.0257219411
715216300008671,0,58467.5515625,17.4613609,0.0260836501
715216300008671,0,58468.5146644,17.5333271,0.0271822549
715216300008671,0,58471.5509491,17.5648079,0.027686974
715216300008671,0,58472.5536574,17.5434971,0.0273436569
715216300008671,0,58474.4923727,17.5560112,0.0275444258
715216300008671,0,58474.4933102,17.6067734,0.0283835493
715216300008671,0,58480.5566319,17.576458,0.027877599
715216300008671,0,58486.4864236,17.5858936,0.0280335285
715216300008671,0,58486.487338,17.6168385,0.0285547413
715216300008671,0,58487.5370718,17.6040363,0.0283372719
715216300008671,0,58491.5387847,17.6280022,0.0287465304
715216300008671,0,58491.5396991,17.6262932,0.0287170541
715216300008671,0,58492.48625,17.6347847,0.0288640447
715216300008671,0,58493.510706,17.643116,0.0290094074
715216300008671,0,58494.4414005,17.6650543,0.0293976255
715216300008671,0,58494.4498727,17.614193,0.0285095926
715216300008671,0,58503.4878935,17.7738419,0.0314439684
715216300008671,0,58506.5537269,17.690073,0.0298501495
715216300008671,0,58508.4638079,17.6531487,0.0291859601
715216300008671,0,58508.4728819,17.5577316,0.0275722053
715216300008671,0,58509.4861574,17.6204338,0.0286162887
715216300008671,0,58511.4018981,17.577692,0.0278979111
715216300008671,32768,58513.4501042,17.7021866,0.0300730746
715216300008671,32768,58514.4255787,17.6051865,0.0283567086
715216300008671,32768,58514.4328009,17.6876831,0.0298064593
715216300008671,0,58522.534838,17.7122955,0.0302610267
715216300008671,0,58524.4690625,17.6568527,0.0292515568
715216300008671,0,58526.4930556,17.709425,0.0302074738
715216300008671,0,58526.4939931,17.6940174,0.029922463
715216300008671,32768,58534.3987731,17.4590225,0.0260492172
715216300008671,32768,58538.3530787,17.9542503,0.0353202261
715216300008671,32768,58538.3540046,17.8200321,0.0323767774
715216300008671,32768,58539.3288889,17.7682362,0.0313334353
715216300008671,32768,58540.3300926,17.7490158,0.0309587177
715216300008671,32768,58543.3617824,17.7142754,0.0302980207
715216300008671,0,58543.3627431,17.8166828,0.0323077962
715216300008671,0,58547.3003935,17.795639,0.0318792425
715216300008671,0,58556.2882523,17.7478828,0.0309368204
715216300008671,0,58557.3651042,17.7334824,0.0306606721
715216300008671,0,58558.3482523,17.7776566,0.0315195173
715216300008671,0,58559.2559954,17.7711792,0.0313914008
715216300008671,0,58559.2569213,17.74576,0.0308959018
715216300008671,0,58560.3484606,17.756176,0.0310975313
715216300008671,0,58567.2477083,17.7711296,0.0313904136
715216300008671,0,58567.2486343,17.7070427,0.0301631242
715216300008671,0,58568.2909954,17.7136459,0.0302862469
715216300008671,0,58572.307037,17.7477798,0.0309348423
715216300008671,0,58572.3079398,17.7614079,0.0311995503
715216300008671,0,58573.259375,17.7574348,0.0311220307
715216300008671,32768,58575.2370486,17.8836403,0.0337272882
715216300008671,32768,58575.2487269,17.774519,0.0314573571
715216300008671,0,58580.2871181,17.788887,0.031743478
715216300008671,0,58580.2880208,17.7527351,0.0310307145
715216300008671,32768,58581.2675926,17.8660088,0.0333451107
715216300008671,32768,58582.2853125,17.9131489,0.0343807228
715216300008671,0,58584.3183681,17.7246723,0.0304935388
715216300008671,0,58584.3192824,17.7376499,0.0307402145
715216300008671,0,58585.3178241,17.7358704,0.0307062324
715216300008671,0,58586.2363079,17.701046,0.0300519727
715216300008671,32768,58587.2661921,17.7840767,0.0316472761
715216300008671,32768,58587.2670949,17.7793503,0.0315531492
715216300008671,0,58591.3495602,17.8505764,0.0330155492
715216300008671,0,58591.3513657,17.8620548,0.03326023
715216300008671,0,58592.2624769,17.7733383,0.0314340219
715216300008671,0,58594.3392014,17.8888874,0.0338422209
715216300008671,0,58594.3401157,17.7159576,0.0303295497
715216300008671,0,58596.2657292,17.7413692,0.0308114626
715216300008671,0,58597.3206944,17.8022385,0.0320127495
715216300008671,0,58597.3216319,17.7694893,0.031358093
715216300008671,0,58601.2734722,17.7792473,0.0315511152
715216300008671,0,58601.2826852,17.7446289,0.0308741145
715216300008671,32768,58602.2771644,17.7754478,0.03147576
715216300008671,0,58606.1912847,17.8088207,0.0321467295
715216300008671,0,58612.2151505,17.7076073,0.0301736332
715216300008671,0,58616.1820718,17.7297497,0.0305896979
715216300008671,0,58628.3064815,17.5770817,0.0278878603
715216300008671,0,58628.3073958,17.6009979,0.0282860361
715216300008671,0,58632.1815509,17.6038914,0.0283348374
715216300008671,0,58633.173669,17.6587257,0.0292848125
715216300008671,0,58633.1745833,17.5951958,0.028188616
715216300008671,0,58634.2586806,17.5940647,0.0281696785
715216300008671,0,58637.197338,17.5990829,0.028253831
715216300008671,0,58638.2231134,17.5744934,0.0278453082
715216300008671,0,58639.1851042,17.5961342,0.0282043293
715216300008671,0,58639.1860417,17.6483307,0.0291009601
715216300008671,0,58640.2284606,17.5797119,0.0279312022
715216300008671,0,58642.2365509,17.5834141,0.0279924162
715216300008671,0,58648.1933796,17.5617466,0.0276372302
715216300008671,0,58651.2351736,17.5554581,0.0275355
715216300008671,0,58654.1818287,17.5433578,0.0273414347
715216300008671,0,58667.2254282,17.4653969,0.0261432901
715216300008671,0,58670.1870023,17.5124016,0.0268550031
715216300008671,0,58676.1974421,17.5327225,0.0271727107
715216300008671,0,58677.2021875,17.6003723,0.0282755233
715216300008671,0,58678.2031134,17.5438423,0.0273491722
715216300008671,0,58679.1978472,17.6048737,0.028351428
715216300008671,0,58680.2437037,17.5345821,0.027202094
715216300008671,0,58681.238287,17.566534,0.0277150832
715216300008671,0,58792.5120486,17.868988,0.0334092528
715216300008671,0,58799.4902083,17.9002266,0.0340924375
715216300008671,0,58831.4468519,17.9082375,0.0342707559
715216300008671,0,58833.4706019,17.9035225,0.0341656245
715216300008671,0,58837.464456,17.857563,0.0331641771
715216300008671,0,58846.5777431,17.8529625,0.0330662169
715216300008671,0,58852.5516319,17.8559875,0.0331305712
715216300008671,0,58859.3124537,17.9438324,0.0350788087
715216300008671,0,58859.4585185,17.9097958,0.0343055911
715216300008671,0,58859.4774421,17.8634529,0.0332902074
715216300008671,0,58859.4783796,17.8885536,0.033834897
715216300008671,0,58860.3874074,17.9292564,0.0347447954
715216300008671,32768,58861.5273148,17.9317875,0.0348024778
715216300008671,0,58862.3661806,17.8066483,0.0321024098
715216300008671,0,58862.3671065,17.8176117,0.0323268995
715216300008671,0,58862.3953588,17.8125191,0.0322223455
715216300008671,0,58863.546713,17.929287,0.0347454697
715216300008671,0,58864.3480093,17.9265194,0.034682557
715216300008671,0,58864.4979977,17.8539886,0.0330880061
715216300008671,0,58866.5259144,17.8606224,0.0332295485
715216300008671,0,58867.4714815,17.8262653,0.0325056762
715216300008671,0,58867.4982523,17.8724804,0.0334846601
715216300008671,0,58871.498287,17.8165741,0.0323055685
715216300008671,0,58871.510162,17.815033,0.0322738998
715216300008671,0,58871.5110764,17.8319473,0.0326238498
715216300008671,0,58873.2897685,17.8141136,0.0322550386
715216300008671,0,58873.2963657,17.7921505,0.0318090059
715216300008671,0,58874.3294792,17.8256302,0.0324925259
715216300008671,0,58875.3096759,17.8590069,0.0331950076
715216300008671,0,58875.5165046,17.8288078,0.0325584747
715216300008671,0,58876.2975,17.8620491,0.0332600996
715216300008671,0,58876.3463194,17.8532562,0.0330724455
715216300008671,0,58877.4869792,17.8830414,0.0337142162
715216300008671,0,58877.4879398,17.9160862,0.0344467238
715216300008671,0,58877.5070949,17.8913059,0.033895351
715216300008671,0,58878.3217708,17.7480698,0.0309404358
715216300008671,0,58878.3637153,17.9110756,0.0343342163
715216300008671,0,58879.3475,17.8587189,0.0331888422
715216300008671,0,58879.3734144,17.8277569,0.0325366557
715216300008671,0,58880.5138079,17.8965969,0.0340120606
715216300008671,0,58880.5147454,17.9012032,0.0341141
715216300008671,0,58880.5271759,17.8526611,0.0330598056
715216300008671,0,58881.3209375,17.8796215,0.0336396471
715216300008671,0,58881.3422685,17.8727646,0.0334908292
715216300008671,0,58883.5141782,17.7398911,0.0307831168
715216300008671,0,58883.5329398,17.8082466,0.0321350023
715216300008671,0,58883.5338773,17.7990208,0.0319475643
715216300008671,0,58884.4832176,17.8304977,0.0325936452
715216300008671,0,58884.510706,17.8089714,0.0321497917
715216300008671,0,58885.2354861,17.8066826,0.0321031138
715216300008671,0,58885.5098148,17.8640766,0.0333035924
715216300008671,0,58886.2857292,17.9069729,0.0342425182
715216300008671,0,58886.5114468,17.9159431,0.0344434977
715216300008671,0,58886.5330208,17.9677505,0.0356364548
715216300008671,0,58888.4341088,17.9403343,0.0349982306
715216300008671,0,58888.451956,17.8692646,0.0334152207
715216300008671,0,58890.4004514,17.8317795,0.0326203443
715216300008671,0,58890.4338542,17.7779713,0.0315257609
715216300008671,0,58891.4911806,17.9535122,0.0353030525
715216300008671,0,58891.4925579,17.9327545,0.0348245464
715216300008671,0,58891.5075347,17.8797455,0.0336423442
715216300008671,0,58892.3071644,17.9182453,0.0344953388
715216300008671,0,58892.3270486,17.9130478,0.0343784504
715216300008671,0,58893.315,17.8361206,0.0327110328
715216300008671,0,58893.5077662,17.8722305,0.0334792733
715216300008671,0,58894.4734375,17.9333611,0.0348384082
715216300008671,0,58894.4743519,17.8494225,0.0329910927
715216300008671,0,58894.4851736,17.8716469,0.0334666446
715216300008671,0,58895.4307523,17.9546394,0.0353292786
715216300008671,0,58895.4503241,17.886879,0.0337981619
715216300008671,0,58898.3427315,17.8523903,0.0330540575
715216300008671,0,58898.3631597,17.8375092,0.0327400863
715216300008671,32768,58898.3715972,17.957901,0.035405349
715216300008671,0,58898.4657755,17.8618908,0.0332567059
715216300008671,0,58899.3404977,17.8657227,0.0333389528
715216300008671,0,58899.3516551,17.8633881,0.033288803
715216300008671,0,58899.4470602,17.9091263,0.0342906043
715216300008671,0,58899.4710069,17.920887,0.0345549583
715216300008671,0,58900.4096875,17.8637695,0.0332969874
715216300008671,32768,58900.4105903,17.9103661,0.0343183354
715216300008671,0,58900.4230556,17.8974113,0.0340300687
715216300008671,32768,58900.4547801,17.8837051,0.0337286964
715216300008671,0,58901.3875694,17.8433685,0.0328632146
715216300008671,0,58901.3896991,17.8310966,0.0326061063
715216300008671,0,58901.405625,17.8642426,0.0333071463
715216300008671,0,58901.4252431,17.8827705,0.0337082818
715216300008671,0,58901.4467477,17.8473053,0.0329462886
715216300008671,0,58901.4674884,17.8566761,0.0331452563
715216300008671,0,58903.3821412,17.8845711,0.0337476395
715216300008671,0,58903.4037384,17.8620205,0.0332594886
715216300008671,0,58903.4046412,17.833149,0.0326489136
715216300008671,0,58903.4318981,17.8679428,0.0333867222
715216300008671,0,58903.4472338,17.8923512,0.0339183658
715216300008671,0,58903.4689931,17.8927612,0.0339273997
715216300008671,0,58903.4883796,17.8786697,0.0336189158
715216300008671,0,58904.4650116,17.8794289,0.0336354375
715216300008671,0,58904.4659375,17.8300037,0.0325833485
715216300008671,0,58904.4927431,17.8607864,0.0332330689
715216300008671,0,58906.4705093,17.8747826,0.0335345306
715216300008671,0,58906.4714352,17.8900528,0.0338678062
715216300008671,0,58906.4956597,17.784935,0.0316644125
715216300008671,32768,58908.4709259,17.7236519,0.0304742679
715216300008671,32768,58908.4718634,17.5072613,0.0267756078
715216300008671,0,58911.2189352,17.784771,0.0316611268
715216300008671,0,58911.2457986,17.7964249,0.0318950973
715216300008671,0,58911.4431134,17.8780842,0.0336061902
715216300008671,0,58912.4276042,17.9104767,0.0343208238
715216300008671,0,58912.4513079,17.8811684,0.0336733274
715216300008671,0,58912.4522338,17.9364719,0.0349095725
715216300008671,0,58913.4316204,17.9705009,0.0357013382
715216300008671,0,58913.4509259,17.8538971,0.0330860838
715216300008671,0,58913.4708565,17.9398136,0.0349862836
715216300008671,0,58914.3499074,17.9304066,0.0347709693
715216300008671,0,58914.3664236,17.9317703,0.034802068
715216300008671,0,58914.3673264,17.9276943,0.0347092338
715216300008671,0,58915.3678588,17.9360142,0.0348990895
715216300008671,0,58915.4297569,17.9292564,0.0347447954
715216300008671,0,58915.4306829,17.8844967,0.0337459967
715216300008671,0,58936.4033912,17.7718983,0.0314055867
715216300008671,0,58936.4096644,17.7683258,0.0313351974
715216300008671,0,58936.4304167,17.7281609,0.030559551
715216300008671,32768,58939.3626736,17.7904587,0.0317750275
715216300008671,32768,58939.3896181,17.7718182,0.031404011
715216300008671,32768,58939.3905556,17.8428822,0.0328529738
715216300008671,32768,58940.2198727,17.8062458,0.032094229
715216300008671,0,58941.3704861,17.7197952,0.0304016005
715216300008671,0,58941.3941667,17.755064,0.031075906
715216300008671,0,58944.3470486,17.754837,0.0310715064
715216300008671,0,58944.3622685,17.7414169,0.030812379
715216300008671,0,58944.3631944,17.7854671,0.0316750333
715216300008671,0,58954.2453588,17.7247601,0.0304952115
715216300008671,0,58954.2702778,17.7455063,0.0308910105
715216300008671,0,58954.2711921,17.7228851,0.0304598026
715216300008671,0,58955.2368634,17.6055298,0.0283625126
715216300008671,0,58955.2566898,17.6654663,0.0294049811
715216300008671,0,58956.2810069,17.7726135,0.0314197093
715216300008671,0,58962.2592014,17.7875366,0.0317164212
715216300008671,0,58965.2796991,17.7280579,0.0305576082
715216300008671,0,58968.1984491,17.6554489,0.0292266607
715216300008671,32768,58969.2985995,17.7944698,0.0318556689
715216300008671,0,58970.1938079,17.6904278,0.0298566502
715216300008671,0,58971.2215162,17.6665649,0.0294246469
715216300008671,0,58971.2224537,17.698658,0.0300078802
715216300008671,0,58972.194919,17.6614342,0.0293330103
715216300008671,0,58973.2743519,17.7053909,0.0301324595
715216300008671,0,58974.2744792,17.7193985,0.0303941332
715216300008671,0,58974.2757639,17.6597519,0.0293030627
715216300008671,0,58976.2778356,17.7044601,0.0301151853
715216300008671,0,58976.2824769,17.6060715,0.0283716656
715216300008671,32768,58977.2148958,17.6666737,0.0294265877
715216300008671,0,58978.2245833,17.6697941,0.0294825491
715216300008671,0,58980.2570023,17.6423664,0.0289962776
715216300008671,0,58980.2605093,17.6687431,0.0294636786
715216300008671,0,58981.2589236,17.6638374,0.0293758791
715216300008671,0,58986.2574769,17.6873512,0.0298004113
715216300008671,0,58987.3029745,17.6751976,0.0295798294
715216300008671,0,58991.2215162,17.6731739,0.0295433309
715216300008671,0,58991.2224537,17.6907063,0.0298617352
715216300008671,0,58992.2376157,17.6890335,0.0298311356
715216300008671,0,58994.1946644,17.6897774,0.0298447385
715216300008671,0,58994.2041435,17.6663857,0.029421445
715216300008671,0,58995.2310069,17.6992531,0.0300188549
715216300008671,0,58996.2475694,17.731575,0.0306243729
715216300008671,0,58997.2466898,17.7466583,0.0309132002
715216300008671,0,58997.2476273,17.7512703,0.0310023259
715216300008671,0,58998.2332755,17.70961,0.030210916
715216300008671,0,58999.2842708,17.7464905,0.0309099648
715216300008671,0,59004.2372569,17.7092285,0.0302038081
715216300008671,0,59009.1746875,17.7423649,0.0308305919
715216300008671,0,59012.2374537,17.7192669,0.0303916689
715216300008671,0,59015.2250926,17.7411366,0.0308069997
715216300008671,0,59019.2162384,17.7818031,0.0316019543
715216300008671,0,59022.2225231,17.8212318,0.0324015208
715216300008671,0,59025.1721528,17.7827606,0.0316210277
715216300008671,0,59028.2183333,17.7527447,0.0310309008
715216300008671,0,59031.2196528,17.801897,0.0320058353
715216300008671,0,59036.2797338,17.8684311,0.0333972573
715216300008671,0,59039.2169676,17.7487068,0.0309527516
715216300008671,0,59042.2269097,17.7508965,0.0309950747
715216300008671,0,59045.2058796,17.6646042,0.0293895695
715216300008671,0,59060.1641204,17.7540932,0.031057056
715216300008671,0,59060.1689815,17.679554,0.0296586007
715216300008671,0,59060.1738542,17.7218914,0.0304410569
715216300008671,0,59060.1787153,17.7010574,0.0300521664
715216300008671,0,59060.183588,17.7007294,0.030046111
715216300008671,32768,59062.1626273,17.7796707,0.0315595269
715216300008671,0,59062.1725347,17.76688,0.031306766
715216300008671,0,59062.1774769,17.7327042,0.0306458734
715216300008671,0,59062.1819329,17.7161827,0.0303337462
715216300008671,0,59064.159537,17.8350086,0.0326877646
715216300008671,0,59064.1644213,17.6315842,0.0288085006
715216300008671,0,59064.1693056,17.722723,0.0304567441
715216300008671,0,59064.1741782,17.7978973,0.031924855
715216300008671,0,59064.1790625,17.6867638,0.0297896862
715216300008671,0,59066.1571296,17.830864,0.0326012671
715216300008671,0,59066.1618981,17.7789078,0.0315443613
715216300008671,0,59066.1666782,17.7443237,0.0308682453
715216300008671,0,59066.1714468,17.7762127,0.0314908959
715216300008671,0,59066.1762153,17.8043041,0.0320547111
715216300008671,0,59068.1560648,17.7561302,0.0310966522
715216300008671,0,59068.1608333,17.7373409,0.0307343137
715216300008671,0,59068.1656134,17.6265545,0.0287215598
715216300008671,0,59068.1703935,17.7744179,0.0314553753
715216300008671,0,59068.175162,17.7168427,0.0303461328
715216300008671,0,59070.1681944,17.714756,0.0303070378
715216300008671,0,59070.1729745,17.7242393,0.0304853655
715216300008671,0,59072.153206,17.7308865,0.030611299
715216300008671,0,59072.1581134,17.7803974,0.0315739848
715216300008671,0,59072.163044,17.7904587,0.0317750275
715216300008671,0,59072.167963,17.781929,0.0316044465
715216300008671,0,59072.1723495,17.8179016,0.0323328599
715216300008671,0,59074.1497917,17.7614861,0.0312010907
715216300008671,0,59074.1547685,17.7980309,0.0319275521
715216300008671,0,59074.1597454,17.7237968,0.0304770134
715216300008671,0,59074.1647106,17.7858963,0.0316836089
715216300008671,32768,59074.1696875,18.9619446,0.0722342953
715216300008671,0,59076.1475231,17.82868,0.032555826
715216300008671,0,59076.1525231,17.7954445,0.0318753272
715216300008671,0,59076.1575231,17.8480682,0.0329624228
715216300008671,0,59076.1625116,17.713974,0.0302924011
715216300008671,0,59076.1675,17.7852707,0.0316711254
715216300008671,0,59078.1472222,17.8056908,0.0320829153
715216300008671,0,59078.1521759,17.7546616,0.0310680997
715216300008671,0,59078.1571412,17.8030167,0.0320285559
715216300008671,0,59078.1620949,17.7169704,0.0303485263
715216300008671,0,59078.1670486,17.7534275,0.0310441498
715216300008671,0,59080.1444792,17.8397522,0.0327871479
715216300008671,0,59080.149294,17.7663059,0.0312955081
715216300008671,32768,59080.1540972,17.8244743,0.0324685685
715216300008671,0,59080.158912,17.7036552,0.0301002692
715216300008671,65535,59080.1637269,17.778986,0.0315459296
715216300008671,0,59082.1433218,17.731039,0.0306141973
715216300008671,32768,59082.1482176,17.7429638,0.03084209
715216300008671,32768,59082.1531134,17.7453938,0.0308888294
715216300008671,0,59082.1579977,17.8313522,0.032611452
715216300008671,0,59084.1407986,17.7644043,0.0312582105
715216300008671,0,59084.1456829,17.7502632,0.0309828278
715216300008671,0,59084.1505671,17.7398491,0.0307823159
715216300008671,0,59084.1554514,17.7194118,0.0303943809
715216300008671,0,59152.4912153,17.8926373,0.0339246616
715216300008671,0,59155.4908449,17.9286118,0.034730114
715216300008671,0,59157.4979051,17.959671,0.035446737
715216300008671,0,59159.4958449,17.9934464,0.0362489484
715216300008671,0,59168.5315625,17.9000587,0.0340887085
715216300008671,0,59170.5534838,17.8386803,0.0327646583
715216300008671,32768,59173.5268056,17.9423981,0.0350457542
715216300008671,0,59176.5592361,17.8307648,0.032599207
715216300008671,0,59179.5317708,17.8938065,0.0339504369
715216300008671,0,59182.4959954,17.901207,0.0341141783
715216300008671,0,59185.5312153,17.8823223,0.0336984955
715216300008671,0,59187.4959028,17.639679,0.0289492849
715216300008671,0,59189.4746759,17.9174099,0.0344765075
715216300008671,0,59189.4756134,17.8794041,0.0336348936
715216300008671,32768,59192.5078935,17.956955,0.0353832766
715216300008671,0,59193.5227431,17.8745842,0.0335302167
715216300008671,0,59194.4946181,17.8678379,0.033384461
715216300008671,0,59194.4966204,17.8178635,0.0323320776
715216300008671,0,59195.4885532,17.8889427,0.0338434204
715216300008671,0,59198.4922222,17.9115448,0.0343447402
715216300008671,0,59200.5302199,17.8520241,0.0330462568
715216300008671,0,59203.5059491,17.8623314,0.0332661569
715216300008671,32768,59206.4871181,17.8844261,0.0337444581
715216300008671,0,59215.4767593,17.7114067,0.0302444175
715216300008671,0,59217.3915162,17.7758789,0.0314842835
715216300008671,0,59219.4731366,17.7532215,0.0310401488
715216300008671,0,59221.4546528,17.7669411,0.0313079841
715216300008671,0,59223.473206,17.752203,0.0310203861
715216300008671,0,59225.4083912,17.7416382,0.0308166333
715216300008671,32768,59227.3944676,17.7413502,0.0308110956
715216300008671,0,59229.4304861,17.5687141,0.0277506597
715216300008671,0,59231.4896181,17.7174091,0.0303567573
715216300008671,0,59248.4545949,17.657486,0.0292627942
715216300008671,0,59250.3815972,17.7163391,0.0303367004
715216300008671,0,59252.3221181,17.7372017,0.0307316445
715216300008671,32768,59260.4120139,17.7116985,0.0302498695
715216300008671,0,59265.3711806,17.6506691,0.0291421711
715216300008671,0,59267.3203819,17.638607,0.028930584
715216300008671,0,59269.3379398,17.7102795,0.0302233826
715216300008671,0,59271.2991088,17.7128391,0.03027118
715216300008671,0,59273.4506944,17.672039,0.0295229014
715216300008671,0,59275.3293866,17.7236538,0.0304743126
715216300008671,0,59275.4368519,17.7346935,0.0306837596
715216300008671,0,59278.4140741,17.7247562,0.0304951165
715216300008671,0,59278.4308565,17.7587204,0.0311470944
715216300008671,0,59278.4618634,17.8075848,0.0321215093
715216300008671,0,59280.3009028,17.7950764,0.031867899
715216300008671,32768,59281.2134375,17.8175697,0.0323260389
715216300008671,0,59290.2604282,17.8142014,0.032256823
715216300008671,0,59290.3492245,17.8426418,0.0328479037
715216300008671,0,59290.350162,17.8000488,0.0319683626
715216300008671,0,59291.3411921,17.8368206,0.0327256769
715216300008671,0,59291.3950116,17.890255,0.0338722579
715216300008671,0,59292.2575116,17.8316803,0.0326182842
715216300008671,0,59292.3614931,17.837822,0.032746654
715216300008671,0,59292.3624306,17.8160095,0.0322939493
715216300008671,0,59293.2172569,17.765604,0.0312817283
715216300008671,0,59293.2685417,17.8314972,0.0326144546
715216300008671,0,59294.2766435,17.8024349,0.032016743
715216300008671,0,59295.3815625,17.8123741,0.0322193913
715216300008671,0,59296.2139815,17.7575798,0.0311248656
715216300008671,32768,59297.2355556,17.7546196,0.0310672931
715216300008671,0,59297.2681944,17.8361778,0.0327122249
715216300008671,0,59297.4170486,17.8296528,0.0325760543
715216300008671,32768,59298.3108912,17.8629551,0.0332795233
715216300008671,0,59298.414537,17.8251038,0.0324816033
715216300008671,0,59300.4069097,17.817791,0.0323306024
715216300008671,0,59301.1873264,17.839035,0.0327720828
715216300008671,0,59303.4780556,17.7566795,0.03110734
715216300008671,0,59304.2864236,17.8023872,0.0320157781
715216300008671,0,59304.2972569,17.7984772,0.0319365673
715216300008671,0,59305.4439005,17.8453751,0.0329055227
715216300008671,32768,59306.3723148,17.8866463,0.0337930694
715216300008671,0,59306.4523727,17.8003693,0.0319748595
715216300008671,0,59307.22625,17.7884712,0.0317351408
715216300008671,0,59307.2352199,17.829464,0.0325721353
715216300008671,0,59307.2644329,17.7826424,0.0316186734
715216300008671,0,59308.2885648,17.7641945,0.0312541015
715216300008671,0,59308.4271875,17.7723141,0.031413801
715216300008671,32768,59309.2382407,17.7503033,0.0309836138
715216300008671,0,59309.2391782,17.739748,0.030780375
715216300008671,0,59309.284537,17.7692833,0.0313540325
715216300008671,0,59310.3018056,17.7415047,0.0308140684
715216300008671,0,59310.3216204,17.6837311,0.0297344401
715216300008671,0,59311.1751736,17.7857628,0.0316809416
715216300008671,0,59311.3055324,17.7804718,0.0315754525
715216300008671,0,59311.3064699,17.7268372,0.0305344854
715216300008671,0,59313.2188079,17.7772923,0.0315123051
715216300008671,32768,59315.2619907,17.8439865,0.0328762271
715216300008671,0,59317.1987731,17.7524261,0.031024728
715216300008671,0,59321.301412,17.6805458,0.0296765808
715216300008671,0,59321.3023495,17.7220345,0.030443754
715216300008671,0,59322.2637153,17.6857586,0.0297713615
715216300008671,0,59323.3222222,17.6643562,0.0293851383
715216300008671,0,59324.2538079,17.7162724,0.0303354468
715216300008671,0,59325.2607407,17.6849785,0.0297571346
715216300008671,0,59329.2462384,17.7095032,0.0302089173
715216300008671,0,59329.2471759,17.7010918,0.0300528072
715216300008671,0,59334.2620833,17.6995258,0.0300238933
715216300008671,0,59335.3091667,17.6314106,0.0288054813
715216300008671,0,59335.3100926,17.6804771,0.0296753272
715216300008671,0,59336.3086343,17.6791801,0.0296518188
715216300008671,0,59338.2609606,17.6759644,0.0295936689
715216300008671,0,59338.2618981,17.7279587,0.0305557363
715216300008671,0,59340.3005671,17.6589642,0.02928905
715216300008671,0,59340.3015046,17.6452103,0.0290461071
715216300008671,0,59341.2071065,17.6198349,0.0286060311
715216300008671,0,59342.2797801,17.6089935,0.0284211859
715216300008671,0,59342.2807176,17.6596184,0.0293006878
715216300008671,0,59343.2076157,17.6158943,0.0285386126
715216300008671,0,59344.2410648,17.6078262,0.0284013785
715216300008671,0,59344.2420023,17.5701389,0.0277739391
715216300008671,0,59345.2007407,17.5881729,0.0280714035
715216300008671,0,59346.2828819,17.5938797,0.0281665884
715216300008671,0,59346.289213,17.5906105,0.0281120054
715216300008671,0,59348.202338,17.6303101,0.0287864301
715216300008671,0,59348.3012153,17.6206322,0.0286197029
715216300008671,0,59349.2814583,17.6154099,0.0285303518
715216300008671,0,59350.2589699,17.5703926,0.0277780946
715216300008671,0,59350.2598958,17.6217461,0.0286388099
715216300008671,0,59353.2018866,17.6691513,0.0294710174
715216300008671,0,59354.2399769,17.6084633,0.0284121875
715216300008671,0,59354.2413889,17.7006683,0.0300449859
715216300008671,0,59355.2142014,17.6571636,0.0292570777
715216300008671,0,59356.2610532,17.6831856,0.0297245104
715216300008671,0,59356.2619907,17.6901283,0.0298511535
715216300008671,0,59358.2801273,17.7010155,0.0300513972
715216300008671,0,59359.2201273,17.677494,0.0296213087
715216300008671,0,59359.2210648,17.6983948,0.0300030205
715216300008671,0,59361.2007176,17.6287327,0.0287591573
715216300008671,0,59362.242963,17.665493,0.0294054709
715216300008671,0,59362.2439005,17.7071266,0.0301647
715216300008671,0,59363.2010764,17.6248894,0.0286928583
715216300008671,0,59364.3093287,17.6459484,0.0290590823
715216300008671,0,59364.311331,17.6579552,0.0292711332
715216300008671,0,59366.1949537,17.6559086,0.0292348154
715216300008671,0,59366.1958912,17.7132111,0.0302781332
715216300008671,0,59367.2243403,17.6064949,0.0283788461
715216300008671,0,59368.2187269,17.6663914,0.0294215307
715216300008671,0,59369.2014699,17.723011,0.0304621626
715216300008671,0,59370.2646065,17.686348,0.0297820959
715216300008671,32768,59372.1867824,17.6699429,0.0294852257
715216300008671,0,59375.2185069,17.6726761,0.0295343548
715216300008671,0,59377.2389583,17.6563606,0.0292428248
715216300008671,0,59380.2058681,17.7344627,0.0306793712
715216300008671,0,59385.2207986,17.70895,0.0301986132
715216300008671,0,59385.2260069,17.7066078,0.0301550385
715216300008671,0,59387.1992014,17.6970711,0.0299786124
715216300008671,0,59387.2001389,17.7278557,0.0305537656
715216300008671,0,59390.3091667,17.7501907,0.0309814215
715216300008671,0,59391.2637153,17.7680283,0.0313293599
715216300008671,0,59392.2016667,17.7859898,0.0316854939
715216300008671,0,59393.2004167,17.83255,0.032636404
715216300008671,0,59393.2018287,17.7565575,0.0311049521
715216300008671,0,59402.2406944,17.7521839,0.0310200155
715216300008671,32768,59418.2240394,17.8664494,0.0333545655
715216300008671,0,59428.169456,17.825367,0.0324870683
715216300008671,0,59428.1708912,17.8665504,0.0333567485
715216300008671,0,59428.1723264,17.8381062,0.032752607
715216300008671,0,59428.1752083,17.8370037,0.032729499
715216300008671,32768,59435.1532639,17.8161011,0.032295838
715216300008671,0,59435.155625,17.8737602,0.0335123688
715216300008671,0,59435.1579861,17.8731499,0.0334991589
715216300008671,0,59435.1603588,17.9042454,0.034181729
715216300008671,0,59435.1627315,17.9052353,0.0342037603
715216300008671,0,59443.1542245,17.9824619,0.0359854139
715216300008671,0,59443.1561574,17.8519306,0.0330442823
715216300008671,32768,59444.1508681,17.8271942,0.0325249694
715216300008671,0,59444.153287,17.8747749,0.033534348
715216300008671,0,59444.1556944,17.8199139,0.0323743224
715216300008671,0,59446.1442361,17.8629704,0.0332798511
715216300008671,0,59448.1419444,17.7696419,0.0313610956
715216300008671,0,59448.1443171,17.7995605,0.0319584943
715216300008671,0,59448.1466898,17.7876492,0.0317186937
715216300008671,0,59448.1490625,17.9220467,0.0345811807
715216300008671,0,59448.1514352,17.7524643,0.0310254693
715216300008671,0,59449.1410185,17.7672863,0.0313147567
715216300008671,0,59449.1433912,17.7453899,0.0308887586
715216300008671,0,59449.1457639,18.0164185,0.0368084982
715216300008671,0,59449.1481366,17.9014912,0.0341204815
715216300008671,0,59449.1505093,17.9646454,0.0355633758
715216300008671,32768,59450.1400694,17.7684212,0.0313370712
715216300008671,32768,59450.1424421,17.8471165,0.0329423063
715216300008671,32768,59450.1448148,17.8960171,0.033999227
715216300008671,32768,59450.1471759,17.6846294,0.0297507979
715216300008671,32768,59450.1495486,17.8481827,0.0329648443
715216300008671,0,59451.1391319,17.9739628,0.0357832424
715216300008671,0,59451.1414931,17.8599701,0.0332155973
715216300008671,0,59451.1438773,17.8662148,0.0333495177
715216300008671,0,59451.1462384,17.7749634,0.0314661562
715216300008671,0,59451.1486111,17.8201599,0.0323794112
715216300008671,0,59453.1367708,17.8665371,0.0333564654
715216300008671,0,59453.1391551,17.9668083,0.0356142372
715216300008671,0,59453.1415394,17.8855133,0.0337682404
715216300008671,0,59453.1439236,17.8177147,0.0323290341
715216300008671,0,59453.1462963,17.8768806,0.0335800536
715216300008671,0,59454.1358218,17.815937,0.0322924592
715216300008671,0,59454.1429745,17.756073,0.0310955364
715216300008671,0,59517.5469907,17.7279549,0.0305556674
715216300008671,0,59525.5160648,17.7611275,0.0311940759
715216300008671,0,59530.4751389,17.4643669,0.0261280481
715216300008671,0,59625.2881019,17.6478424,0.0290923584
715216300008671,0,59628.4124653,17.5474205,0.0274063405
715216300008671,0,59636.4689005,17.638628,0.0289309584
715216300008671,32768,59637.4036111,17.5621128,0.0276431665
715216300008671,0,59639.2988194,17.6517887,0.0291619264
715216300008671,0,59639.2997801,17.5909843,0.0281182267
715216300008671,0,59639.5033102,17.5459785,0.0273832865
715216300008671,0,59676.3617477,17.6166725,0.0285519101
715216300008671,0,59684.3428588,17.6661797,0.0294177532
715216300008671,0,59689.2623148,17.6046047,0.0283468775
715216300008671,0,59707.2201505,17.6712532,0.0295087695
715216300008671,0,59711.278912,17.6468697,0.0290752519
715216300008671,0,59896.4711111,17.6107597,0.0284511577
715216300008671,32768,59933.5131944,17.59725,0.0282230396
715216300008671,0,60053.2429282,17.6599579,0.029306734
715216300008671,32768,60102.1934028,17.6378098,0.0289166775
